+1.000000000e+06,-6.291944504e+01
+3.171739130e+06,-7.665500641e+01
+5.343478261e+06,-7.072730255e+01
+7.515217391e+06,-7.202420044e+01
+9.686956522e+06,-7.146581268e+01
+1.185869565e+07,-6.562838745e+01
+1.403043478e+07,-6.484500122e+01
+1.620217391e+07,-6.421537018e+01
+1.837391304e+07,-5.839826584e+01
+2.054565217e+07,-5.128302383e+01
+2.271739130e+07,-5.982537460e+01
+2.488913043e+07,-6.377428818e+01
+2.706086957e+07,-6.307316971e+01
+2.923260870e+07,-6.552272797e+01
+3.140434783e+07,-6.864514923e+01
+3.357608696e+07,-7.159236908e+01
+3.574782609e+07,-7.450899506e+01
+3.791956522e+07,-7.039229584e+01
+4.009130435e+07,-6.948670197e+01
+4.226304348e+07,-7.172547150e+01
+4.443478261e+07,-7.070262909e+01
+4.660652174e+07,-7.032469940e+01
+4.877826087e+07,-7.623470306e+01
+5.095000000e+07,-7.057186127e+01
+5.312173913e+07,-6.823915100e+01
+5.529347826e+07,-6.377281570e+01
+5.746521739e+07,-6.765060425e+01
+5.963695652e+07,-6.713455200e+01
+6.180869565e+07,-7.316908264e+01
+6.398043478e+07,-7.594097137e+01
+6.615217391e+07,-8.006208801e+01
+6.832391304e+07,-7.906055450e+01
+7.049565217e+07,-8.205910492e+01
+7.266739130e+07,-7.649832153e+01
+7.483913043e+07,-7.805709839e+01
+7.701086957e+07,-7.135180664e+01
+7.918260870e+07,-7.326470184e+01
+8.135434783e+07,-7.222640228e+01
+8.352608696e+07,-7.639089203e+01
+8.569782609e+07,-7.497251129e+01
+8.786956522e+07,-7.681317902e+01
+9.004130435e+07,-8.321291351e+01
+9.221304348e+07,-7.550919342e+01
+9.438478261e+07,-6.801449585e+01
+9.655652174e+07,-7.027240753e+01
+9.872826087e+07,-7.769795990e+01
+1.009000000e+08,-8.300670624e+01
+1.030717391e+08,-8.507459259e+01
+1.052434783e+08,-8.585412598e+01
+1.074152174e+08,-8.954743958e+01
+1.095869565e+08,-9.544404602e+01
+1.117586957e+08,-9.201102448e+01
+1.139304348e+08,-9.655207062e+01
+1.161021739e+08,-1.032692719e+02
+1.182739130e+08,-1.018664856e+02
+1.204456522e+08,-9.474266815e+01
+1.226173913e+08,-1.037859573e+02
+1.247891304e+08,-1.042640305e+02
+1.269608696e+08,-1.046260605e+02
+1.291326087e+08,-1.044600677e+02
+1.313043478e+08,-1.043851700e+02
+1.334760870e+08,-1.014366989e+02
+1.356478261e+08,-1.009430542e+02
+1.378195652e+08,-9.940119171e+01
+1.399913043e+08,-9.776108551e+01
+1.421630435e+08,-1.007240677e+02
+1.443347826e+08,-1.008099442e+02
+1.465065217e+08,-1.022487564e+02
+1.486782609e+08,-1.014381332e+02
+1.508500000e+08,-9.782955170e+01
+1.530217391e+08,-8.914527893e+01
+1.551934783e+08,-9.854987335e+01
+1.573652174e+08,-9.943758392e+01
+1.595369565e+08,-9.740222168e+01
+1.617086957e+08,-9.654361725e+01
+1.638804348e+08,-9.997131348e+01
+1.660521739e+08,-9.790786743e+01
+1.682239130e+08,-7.636804962e+01
+1.703956522e+08,-9.789348602e+01
+1.725673913e+08,-9.644480896e+01
+1.747391304e+08,-9.851870728e+01
+1.769108696e+08,-9.467966461e+01
+1.790826087e+08,-1.005433578e+02
+1.812543478e+08,-9.598970032e+01
+1.834260870e+08,-1.026102829e+02
+1.855978261e+08,-1.019562378e+02
+1.877695652e+08,-9.747769165e+01
+1.899413043e+08,-1.002116928e+02
+1.921130435e+08,-9.182114410e+01
+1.942847826e+08,-1.026255798e+02
+1.964565217e+08,-1.022444534e+02
+1.986282609e+08,-9.999660492e+01
+2.008000000e+08,-8.421580505e+01
+2.029717391e+08,-1.033069992e+02
+2.051434783e+08,-1.040141754e+02
+2.073152174e+08,-1.033678055e+02
+2.094869565e+08,-1.034410629e+02
+2.116586957e+08,-1.043657150e+02
+2.138304348e+08,-1.034205322e+02
+2.160021739e+08,-1.015895004e+02
+2.181739130e+08,-1.039230042e+02
+2.203456522e+08,-1.029602203e+02
+2.225173913e+08,-1.033196411e+02
+2.246891304e+08,-1.035091400e+02
+2.268608696e+08,-1.025856628e+02
+2.290326087e+08,-1.039816666e+02
+2.312043478e+08,-1.033182449e+02
+2.333760870e+08,-1.001471863e+02
+2.355478261e+08,-1.020313034e+02
+2.377195652e+08,-1.025444031e+02
+2.398913043e+08,-9.577320099e+01
+2.420630435e+08,-9.695163727e+01
+2.442347826e+08,-1.032406235e+02
+2.464065217e+08,-1.033657761e+02
+2.485782609e+08,-1.034693604e+02
+2.507500000e+08,-9.575447083e+01
+2.529217391e+08,-1.031939621e+02
+2.550934783e+08,-9.916053772e+01
+2.572652174e+08,-1.025139618e+02
+2.594369565e+08,-1.025155487e+02
+2.616086957e+08,-1.030827560e+02
+2.637804348e+08,-9.695080566e+01
+2.659521739e+08,-9.557121277e+01
+2.681239130e+08,-1.035577927e+02
+2.702956522e+08,-1.003421021e+02
+2.724673913e+08,-1.028569717e+02
+2.746391304e+08,-1.020628891e+02
+2.768108696e+08,-9.770342255e+01
+2.789826087e+08,-9.726572418e+01
+2.811543478e+08,-1.022688141e+02
+2.833260870e+08,-1.018829880e+02
+2.854978261e+08,-1.033332596e+02
+2.876695652e+08,-1.031703262e+02
+2.898413043e+08,-1.031375351e+02
+2.920130435e+08,-1.028922119e+02
+2.941847826e+08,-1.038091583e+02
+2.963565217e+08,-1.019041977e+02
+2.985282609e+08,-1.021116638e+02
+3.007000000e+08,-9.390226746e+01
+3.028717391e+08,-1.031527710e+02
+3.050434783e+08,-1.022550125e+02
+3.072152174e+08,-1.030873871e+02
+3.093869565e+08,-1.028498383e+02
+3.115586957e+08,-1.026711273e+02
+3.137304348e+08,-1.035947266e+02
+3.159021739e+08,-1.030897293e+02
+3.180739130e+08,-1.037821350e+02
+3.202456522e+08,-1.033008652e+02
+3.224173913e+08,-1.029558182e+02
+3.245891304e+08,-1.025302048e+02
+3.267608696e+08,-1.035421219e+02
+3.289326087e+08,-9.658014679e+01
+3.311043478e+08,-1.029718094e+02
+3.332760870e+08,-1.022986298e+02
+3.354478261e+08,-1.030314560e+02
+3.376195652e+08,-1.031578751e+02
+3.397913043e+08,-1.033957977e+02
+3.419630435e+08,-1.033568344e+02
+3.441347826e+08,-1.029097366e+02
+3.463065217e+08,-1.026055298e+02
+3.484782609e+08,-1.039264297e+02
+3.506500000e+08,-1.030467529e+02
+3.528217391e+08,-1.018555603e+02
+3.549934783e+08,-1.033124847e+02
+3.571652174e+08,-1.012257614e+02
+3.593369565e+08,-1.017441025e+02
+3.615086957e+08,-1.031567764e+02
+3.636804348e+08,-1.034587936e+02
+3.658521739e+08,-8.237713623e+01
+3.680239130e+08,-1.016077347e+02
+3.701956522e+08,-1.028966827e+02
+3.723673913e+08,-1.005424042e+02
+3.745391304e+08,-1.018122940e+02
+3.767108696e+08,-9.799509430e+01
+3.788826087e+08,-1.035746307e+02
+3.810543478e+08,-9.997676849e+01
+3.832260870e+08,-1.002420120e+02
+3.853978261e+08,-9.916902924e+01
+3.875695652e+08,-1.006088409e+02
+3.897413043e+08,-1.006533356e+02
+3.919130435e+08,-1.001513901e+02
+3.940847826e+08,-1.021079788e+02
+3.962565217e+08,-1.021871872e+02
+3.984282609e+08,-1.017668839e+02
+4.006000000e+08,-9.963909149e+01
+4.027717391e+08,-9.963140106e+01
+4.049434783e+08,-1.039365997e+02
+4.071152174e+08,-9.639031219e+01
+4.092869565e+08,-1.028865662e+02
+4.114586957e+08,-1.024385223e+02
+4.136304348e+08,-1.036476517e+02
+4.158021739e+08,-1.038523941e+02
+4.179739130e+08,-1.032474518e+02
+4.201456522e+08,-1.032863693e+02
+4.223173913e+08,-1.031050491e+02
+4.244891304e+08,-1.028712234e+02
+4.266608696e+08,-1.033484802e+02
+4.288326087e+08,-1.037968903e+02
+4.310043478e+08,-9.465343475e+01
+4.331760870e+08,-9.617838287e+01
+4.353478261e+08,-1.025979538e+02
+4.375195652e+08,-1.030795822e+02
+4.396913043e+08,-1.034969330e+02
+4.418630435e+08,-1.029597397e+02
+4.440347826e+08,-1.033941345e+02
+4.462065217e+08,-1.043017578e+02
+4.483782609e+08,-1.034527740e+02
+4.505500000e+08,-1.036455307e+02
+4.527217391e+08,-1.035575485e+02
+4.548934783e+08,-1.015476990e+02
+4.570652174e+08,-1.043361816e+02
+4.592369565e+08,-1.044626007e+02
+4.614086957e+08,-9.090016174e+01
+4.635804348e+08,-9.583155823e+01
+4.657521739e+08,-9.424732208e+01
+4.679239130e+08,-1.044797134e+02
+4.700956522e+08,-1.038819351e+02
+4.722673913e+08,-1.034221725e+02
+4.744391304e+08,-1.044614487e+02
+4.766108696e+08,-1.034152145e+02
+4.787826087e+08,-9.916542053e+01
+4.809543478e+08,-1.027886581e+02
+4.831260870e+08,-1.043529816e+02
+4.852978261e+08,-1.042371292e+02
+4.874695652e+08,-1.039532928e+02
+4.896413043e+08,-1.032930222e+02
+4.918130435e+08,-1.039280472e+02
+4.939847826e+08,-1.042007217e+02
+4.961565217e+08,-1.042145844e+02
+4.983282609e+08,-1.046884613e+02
+5.005000000e+08,-9.324914551e+01
+5.026717391e+08,-1.044410629e+02
+5.048434783e+08,-1.041460876e+02
+5.070152174e+08,-1.032612839e+02
+5.091869565e+08,-1.054098282e+02
+5.113586957e+08,-1.048746567e+02
+5.135304348e+08,-1.049204636e+02
+5.157021739e+08,-1.044076080e+02
+5.178739130e+08,-1.052958679e+02
+5.200456522e+08,-1.037787628e+02
+5.222173913e+08,-1.043115768e+02
+5.243891304e+08,-1.034872665e+02
+5.265608696e+08,-1.045492325e+02
+5.287326087e+08,-1.023758011e+02
+5.309043478e+08,-1.043476181e+02
+5.330760870e+08,-1.044395065e+02
+5.352478261e+08,-1.048202972e+02
+5.374195652e+08,-1.053384323e+02
+5.395913043e+08,-1.043805313e+02
+5.417630435e+08,-1.048056412e+02
+5.439347826e+08,-1.044132462e+02
+5.461065217e+08,-1.052293930e+02
+5.482782609e+08,-1.048070831e+02
+5.504500000e+08,-9.750061035e+01
+5.526217391e+08,-9.931270599e+01
+5.547934783e+08,-9.676753998e+01
+5.569652174e+08,-9.782587433e+01
+5.591369565e+08,-1.026080475e+02
+5.613086957e+08,-1.028531342e+02
+5.634804348e+08,-1.046151047e+02
+5.656521739e+08,-9.731237030e+01
+5.678239130e+08,-1.039435349e+02
+5.699956522e+08,-1.049102325e+02
+5.721673913e+08,-1.047735367e+02
+5.743391304e+08,-1.035182037e+02
+5.765108696e+08,-1.047487030e+02
+5.786826087e+08,-1.046817703e+02
+5.808543478e+08,-1.044583969e+02
+5.830260870e+08,-1.045021133e+02
+5.851978261e+08,-1.035863113e+02
+5.873695652e+08,-1.046494293e+02
+5.895413043e+08,-1.037941895e+02
+5.917130435e+08,-1.036338654e+02
+5.938847826e+08,-1.050328522e+02
+5.960565217e+08,-1.049276047e+02
+5.982282609e+08,-1.037503281e+02
+6.004000000e+08,-9.993264771e+01
+6.025717391e+08,-9.968807220e+01
+6.047434783e+08,-9.955539703e+01
+6.069152174e+08,-1.042891464e+02
+6.090869565e+08,-1.039791260e+02
+6.112586957e+08,-1.040633163e+02
+6.134304348e+08,-1.049795761e+02
+6.156021739e+08,-1.041175156e+02
+6.177739130e+08,-1.027788773e+02
+6.199456522e+08,-1.043665161e+02
+6.221173913e+08,-1.052486420e+02
+6.242891304e+08,-1.051968689e+02
+6.264608696e+08,-1.045134277e+02
+6.286326087e+08,-1.048484268e+02
+6.308043478e+08,-1.042308273e+02
+6.329760870e+08,-1.029702148e+02
+6.351478261e+08,-1.044613724e+02
+6.373195652e+08,-1.039740067e+02
+6.394913043e+08,-1.053094406e+02
+6.416630435e+08,-1.041539154e+02
+6.438347826e+08,-1.043496017e+02
+6.460065217e+08,-1.034909744e+02
+6.481782609e+08,-1.050605011e+02
+6.503500000e+08,-1.043713531e+02
+6.525217391e+08,-1.041662064e+02
+6.546934783e+08,-1.046385269e+02
+6.568652174e+08,-1.047893066e+02
+6.590369565e+08,-1.043906784e+02
+6.612086957e+08,-1.056910629e+02
+6.633804348e+08,-1.050548935e+02
+6.655521739e+08,-1.041072464e+02
+6.677239130e+08,-1.039711380e+02
+6.698956522e+08,-1.054246979e+02
+6.720673913e+08,-1.046248169e+02
+6.742391304e+08,-1.045501633e+02
+6.764108696e+08,-1.038173218e+02
+6.785826087e+08,-1.052104187e+02
+6.807543478e+08,-1.047585754e+02
+6.829260870e+08,-1.048773804e+02
+6.850978261e+08,-1.048414230e+02
+6.872695652e+08,-1.039864578e+02
+6.894413043e+08,-1.021296158e+02
+6.916130435e+08,-1.033701477e+02
+6.937847826e+08,-1.046200867e+02
+6.959565217e+08,-1.058060150e+02
+6.981282609e+08,-1.058546600e+02
+7.003000000e+08,-1.050715866e+02
+7.024717391e+08,-1.048496780e+02
+7.046434783e+08,-1.048588943e+02
+7.068152174e+08,-1.041730499e+02
+7.089869565e+08,-1.046206207e+02
+7.111586957e+08,-1.050430756e+02
+7.133304348e+08,-1.051032562e+02
+7.155021739e+08,-1.053543472e+02
+7.176739130e+08,-1.046502151e+02
+7.198456522e+08,-1.044048080e+02
+7.220173913e+08,-1.050056229e+02
+7.241891304e+08,-1.039439163e+02
+7.263608696e+08,-1.051486282e+02
+7.285326087e+08,-1.034179306e+02
+7.307043478e+08,-1.046262207e+02
+7.328760870e+08,-1.044311829e+02
+7.350478261e+08,-1.049610519e+02
+7.372195652e+08,-1.052627411e+02
+7.393913043e+08,-1.042748871e+02
+7.415630435e+08,-1.031168060e+02
+7.437347826e+08,-1.045279846e+02
+7.459065217e+08,-1.045205383e+02
+7.480782609e+08,-1.040629654e+02
+7.502500000e+08,-1.046060715e+02
+7.524217391e+08,-1.047975998e+02
+7.545934783e+08,-1.046860428e+02
+7.567652174e+08,-1.041838913e+02
+7.589369565e+08,-1.053336411e+02
+7.611086957e+08,-1.044224930e+02
+7.632804348e+08,-1.042454147e+02
+7.654521739e+08,-1.044059372e+02
+7.676239130e+08,-1.034867325e+02
+7.697956522e+08,-1.043525772e+02
+7.719673913e+08,-1.046362076e+02
+7.741391304e+08,-1.038694229e+02
+7.763108696e+08,-1.045927658e+02
+7.784826087e+08,-1.035951233e+02
+7.806543478e+08,-1.030248489e+02
+7.828260870e+08,-1.046365738e+02
+7.849978261e+08,-1.027821198e+02
+7.871695652e+08,-1.042248917e+02
+7.893413043e+08,-1.040572052e+02
+7.915130435e+08,-1.039589005e+02
+7.936847826e+08,-1.042155457e+02
+7.958565217e+08,-1.039882660e+02
+7.980282609e+08,-1.039890137e+02
+8.002000000e+08,-1.038234558e+02
+8.023717391e+08,-1.038396530e+02
+8.045434783e+08,-1.042596283e+02
+8.067152174e+08,-1.034709702e+02
+8.088869565e+08,-1.034921036e+02
+8.110586957e+08,-1.046418152e+02
+8.132304348e+08,-1.039565048e+02
+8.154021739e+08,-1.031304016e+02
+8.175739130e+08,-1.040657654e+02
+8.197456522e+08,-1.043642960e+02
+8.219173913e+08,-1.044021530e+02
+8.240891304e+08,-1.040661697e+02
+8.262608696e+08,-1.040377197e+02
+8.284326087e+08,-1.039829178e+02
+8.306043478e+08,-1.039310150e+02
+8.327760870e+08,-1.035201111e+02
+8.349478261e+08,-1.030747070e+02
+8.371195652e+08,-1.031039505e+02
+8.392913043e+08,-1.033756943e+02
+8.414630435e+08,-1.037870331e+02
+8.436347826e+08,-1.038330383e+02
+8.458065217e+08,-1.028170166e+02
+8.479782609e+08,-1.027277679e+02
+8.501500000e+08,-1.039840393e+02
+8.523217391e+08,-1.041061249e+02
+8.544934783e+08,-1.027019730e+02
+8.566652174e+08,-1.038063126e+02
+8.588369565e+08,-1.031167984e+02
+8.610086957e+08,-1.035781784e+02
+8.631804348e+08,-1.028058472e+02
+8.653521739e+08,-1.035220871e+02
+8.675239130e+08,-1.042046432e+02
+8.696956522e+08,-1.038063507e+02
+8.718673913e+08,-9.781804657e+01
+8.740391304e+08,-9.661286163e+01
+8.762108696e+08,-1.032521973e+02
+8.783826087e+08,-1.042285843e+02
+8.805543478e+08,-1.034070129e+02
+8.827260870e+08,-1.036129532e+02
+8.848978261e+08,-1.033567200e+02
+8.870695652e+08,-1.037797470e+02
+8.892413043e+08,-1.031825409e+02
+8.914130435e+08,-1.037616043e+02
+8.935847826e+08,-1.028757248e+02
+8.957565217e+08,-1.032353897e+02
+8.979282609e+08,-1.035292130e+02
+9.001000000e+08,-1.004221573e+02
+9.022717391e+08,-1.036673203e+02
+9.044434783e+08,-1.037143631e+02
+9.066152174e+08,-1.032434921e+02
+9.087869565e+08,-1.047617264e+02
+9.109586957e+08,-1.042629166e+02
+9.131304348e+08,-1.030103302e+02
+9.153021739e+08,-1.036783142e+02
+9.174739130e+08,-1.033890457e+02
+9.196456522e+08,-1.029346542e+02
+9.218173913e+08,-1.034429321e+02
+9.239891304e+08,-1.025065079e+02
+9.261608696e+08,-9.549415588e+01
+9.283326087e+08,-9.555312347e+01
+9.305043478e+08,-1.037148514e+02
+9.326760870e+08,-1.010768585e+02
+9.348478261e+08,-7.799596405e+01
+9.370195652e+08,-8.311965942e+01
+9.391913043e+08,-9.658039856e+01
+9.413630435e+08,-9.698210907e+01
+9.435347826e+08,-7.763346863e+01
+9.457065217e+08,-7.156388092e+01
+9.478782609e+08,-8.554802704e+01
+9.500500000e+08,-9.120234680e+01
+9.522217391e+08,-1.033621979e+02
+9.543934783e+08,-1.021768417e+02
+9.565652174e+08,-1.003243866e+02
+9.587369565e+08,-9.864945984e+01
+9.609086957e+08,-1.029403381e+02
+9.630804348e+08,-1.032041702e+02
+9.652521739e+08,-1.034096146e+02
+9.674239130e+08,-1.030261078e+02
+9.695956522e+08,-1.027634125e+02
+9.717673913e+08,-1.030387650e+02
+9.739391304e+08,-1.035438995e+02
+9.761108696e+08,-1.028348923e+02
+9.782826087e+08,-1.020633163e+02
+9.804543478e+08,-1.023992767e+02
+9.826260870e+08,-1.034940262e+02
+9.847978261e+08,-1.030385590e+02
+9.869695652e+08,-1.029917221e+02
+9.891413043e+08,-1.020012283e+02
+9.913130435e+08,-1.036836929e+02
+9.934847826e+08,-1.041359482e+02
+9.956565217e+08,-1.034926453e+02
+9.978282609e+08,-1.038002090e+02
+1.000000000e+09,-1.030197906e+02

