+3.272750000e+08,-1.017802887e+02
+3.272755435e+08,-1.024218063e+02
+3.272760870e+08,-1.016756592e+02
+3.272766304e+08,-1.037957153e+02
+3.272771739e+08,-1.033019180e+02
+3.272777174e+08,-1.033352127e+02
+3.272782609e+08,-1.015836639e+02
+3.272788043e+08,-1.049286346e+02
+3.272793478e+08,-1.021167068e+02
+3.272798913e+08,-1.021817932e+02
+3.272804348e+08,-1.032256088e+02
+3.272809783e+08,-1.033138962e+02
+3.272815217e+08,-1.025716553e+02
+3.272820652e+08,-1.018274078e+02
+3.272826087e+08,-1.027940521e+02
+3.272831522e+08,-1.020552826e+02
+3.272836957e+08,-1.029951782e+02
+3.272842391e+08,-1.009367523e+02
+3.272847826e+08,-1.028020630e+02
+3.272853261e+08,-1.034008560e+02
+3.272858696e+08,-1.041113663e+02
+3.272864130e+08,-1.040299606e+02
+3.272869565e+08,-1.019448624e+02
+3.272875000e+08,-1.031014633e+02
+3.272880435e+08,-1.036483383e+02
+3.272885870e+08,-1.021711349e+02
+3.272891304e+08,-1.020305939e+02
+3.272896739e+08,-1.019273224e+02
+3.272902174e+08,-1.031867523e+02
+3.272907609e+08,-1.033775177e+02
+3.272913043e+08,-1.040237656e+02
+3.272918478e+08,-1.008428421e+02
+3.272923913e+08,-1.001753235e+02
+3.272929348e+08,-1.030319519e+02
+3.272934783e+08,-1.014760132e+02
+3.272940217e+08,-9.474114990e+01
+3.272945652e+08,-1.025971680e+02
+3.272951087e+08,-1.022237167e+02
+3.272956522e+08,-1.034909744e+02
+3.272961957e+08,-1.033737564e+02
+3.272967391e+08,-1.036305161e+02
+3.272972826e+08,-1.000886307e+02
+3.272978261e+08,-1.024978790e+02
+3.272983696e+08,-1.039857407e+02
+3.272989130e+08,-1.023463364e+02
+3.272994565e+08,-1.012450943e+02
+3.273000000e+08,-1.011990051e+02
+3.273005435e+08,-1.015303726e+02
+3.273010870e+08,-1.035000839e+02
+3.273016304e+08,-1.011284103e+02
+3.273021739e+08,-1.026065826e+02
+3.273027174e+08,-1.016257706e+02
+3.273032609e+08,-1.041835251e+02
+3.273038043e+08,-1.027345734e+02
+3.273043478e+08,-1.030957565e+02
+3.273048913e+08,-1.035119476e+02
+3.273054348e+08,-1.020252686e+02
+3.273059783e+08,-1.031180191e+02
+3.273065217e+08,-1.033350372e+02
+3.273070652e+08,-1.020138550e+02
+3.273076087e+08,-1.020263367e+02
+3.273081522e+08,-1.021354904e+02
+3.273086957e+08,-1.037767715e+02
+3.273092391e+08,-1.023260574e+02
+3.273097826e+08,-1.019669418e+02
+3.273103261e+08,-1.030129776e+02
+3.273108696e+08,-1.012470169e+02
+3.273114130e+08,-1.030862579e+02
+3.273119565e+08,-1.018268814e+02
+3.273125000e+08,-1.025663147e+02
+3.273130435e+08,-1.037777939e+02
+3.273135870e+08,-1.040001907e+02
+3.273141304e+08,-1.013631287e+02
+3.273146739e+08,-1.026289749e+02
+3.273152174e+08,-1.032793808e+02
+3.273157609e+08,-1.021207199e+02
+3.273163043e+08,-1.034700317e+02
+3.273168478e+08,-1.021672745e+02
+3.273173913e+08,-9.519982910e+01
+3.273179348e+08,-1.013016357e+02
+3.273184783e+08,-1.028542557e+02
+3.273190217e+08,-1.032697144e+02
+3.273195652e+08,-9.340550995e+01
+3.273201087e+08,-1.026783142e+02
+3.273206522e+08,-1.049447098e+02
+3.273211957e+08,-1.025119705e+02
+3.273217391e+08,-1.017515411e+02
+3.273222826e+08,-1.027317276e+02
+3.273228261e+08,-1.025010681e+02
+3.273233696e+08,-1.025262375e+02
+3.273239130e+08,-1.018357010e+02
+3.273244565e+08,-1.020866013e+02
+3.273250000e+08,-9.843215942e+01
+3.273255435e+08,-1.017421722e+02
+3.273260870e+08,-1.018359299e+02
+3.273266304e+08,-1.029469223e+02
+3.273271739e+08,-1.023416672e+02
+3.273277174e+08,-1.018527374e+02
+3.273282609e+08,-1.020428467e+02
+3.273288043e+08,-1.027323074e+02
+3.273293478e+08,-1.014511108e+02
+3.273298913e+08,-9.948850250e+01
+3.273304348e+08,-1.014664841e+02
+3.273309783e+08,-9.793403625e+01
+3.273315217e+08,-9.836020660e+01
+3.273320652e+08,-1.011837311e+02
+3.273326087e+08,-1.023746948e+02
+3.273331522e+08,-1.015884705e+02
+3.273336957e+08,-1.029302292e+02
+3.273342391e+08,-1.031029358e+02
+3.273347826e+08,-1.030310593e+02
+3.273353261e+08,-1.010490036e+02
+3.273358696e+08,-1.022919693e+02
+3.273364130e+08,-1.021608887e+02
+3.273369565e+08,-1.016833267e+02
+3.273375000e+08,-1.031323013e+02
+3.273380435e+08,-1.046546631e+02
+3.273385870e+08,-1.004821777e+02
+3.273391304e+08,-1.017559967e+02
+3.273396739e+08,-1.010592270e+02
+3.273402174e+08,-1.028512421e+02
+3.273407609e+08,-1.032139359e+02
+3.273413043e+08,-1.029962463e+02
+3.273418478e+08,-1.027463684e+02
+3.273423913e+08,-1.019723282e+02
+3.273429348e+08,-1.011048355e+02
+3.273434783e+08,-1.032190857e+02
+3.273440217e+08,-1.035106812e+02
+3.273445652e+08,-1.015603104e+02
+3.273451087e+08,-1.015219574e+02
+3.273456522e+08,-1.032507935e+02
+3.273461957e+08,-1.035515671e+02
+3.273467391e+08,-1.040352631e+02
+3.273472826e+08,-1.036239624e+02
+3.273478261e+08,-1.024221268e+02
+3.273483696e+08,-1.031232758e+02
+3.273489130e+08,-1.041691589e+02
+3.273494565e+08,-1.037876129e+02
+3.273500000e+08,-1.031808777e+02
+3.273505435e+08,-1.038464127e+02
+3.273510870e+08,-1.023784637e+02
+3.273516304e+08,-1.022480927e+02
+3.273521739e+08,-1.027534714e+02
+3.273527174e+08,-1.023555756e+02
+3.273532609e+08,-1.016409378e+02
+3.273538043e+08,-1.037976303e+02
+3.273543478e+08,-1.032310944e+02
+3.273548913e+08,-1.027594986e+02
+3.273554348e+08,-1.032777710e+02
+3.273559783e+08,-1.029963379e+02
+3.273565217e+08,-9.495547485e+01
+3.273570652e+08,-1.036040878e+02
+3.273576087e+08,-1.017726898e+02
+3.273581522e+08,-1.026643448e+02
+3.273586957e+08,-1.036795044e+02
+3.273592391e+08,-1.027255707e+02
+3.273597826e+08,-1.008651733e+02
+3.273603261e+08,-1.029428253e+02
+3.273608696e+08,-1.035248642e+02
+3.273614130e+08,-1.023328323e+02
+3.273619565e+08,-1.024071960e+02
+3.273625000e+08,-1.034220123e+02
+3.273630435e+08,-1.024812393e+02
+3.273635870e+08,-1.028156662e+02
+3.273641304e+08,-9.929715729e+01
+3.273646739e+08,-1.027181625e+02
+3.273652174e+08,-1.024551773e+02
+3.273657609e+08,-1.021619186e+02
+3.273663043e+08,-1.039105988e+02
+3.273668478e+08,-1.020750809e+02
+3.273673913e+08,-1.024542847e+02
+3.273679348e+08,-1.021786270e+02
+3.273684783e+08,-1.035964661e+02
+3.273690217e+08,-1.015791473e+02
+3.273695652e+08,-1.029143600e+02
+3.273701087e+08,-1.039887772e+02
+3.273706522e+08,-1.034297562e+02
+3.273711957e+08,-1.026833191e+02
+3.273717391e+08,-1.012561417e+02
+3.273722826e+08,-1.031767273e+02
+3.273728261e+08,-1.025488892e+02
+3.273733696e+08,-1.028228989e+02
+3.273739130e+08,-1.027118378e+02
+3.273744565e+08,-1.029280014e+02
+3.273750000e+08,-1.036529007e+02
+3.273755435e+08,-1.032035522e+02
+3.273760870e+08,-1.025677643e+02
+3.273766304e+08,-1.027847519e+02
+3.273771739e+08,-1.028506699e+02
+3.273777174e+08,-1.025221558e+02
+3.273782609e+08,-9.517922974e+01
+3.273788043e+08,-1.027421875e+02
+3.273793478e+08,-1.024693832e+02
+3.273798913e+08,-1.034487915e+02
+3.273804348e+08,-9.198420715e+01
+3.273809783e+08,-1.018942413e+02
+3.273815217e+08,-1.005640259e+02
+3.273820652e+08,-1.038534851e+02
+3.273826087e+08,-1.030766449e+02
+3.273831522e+08,-1.034572601e+02
+3.273836957e+08,-1.027872772e+02
+3.273842391e+08,-1.020299377e+02
+3.273847826e+08,-1.017073441e+02
+3.273853261e+08,-1.030658493e+02
+3.273858696e+08,-1.027239532e+02
+3.273864130e+08,-1.033068466e+02
+3.273869565e+08,-1.018947678e+02
+3.273875000e+08,-1.019817200e+02
+3.273880435e+08,-9.643467712e+01
+3.273885870e+08,-1.031428604e+02
+3.273891304e+08,-1.035695953e+02
+3.273896739e+08,-1.019647675e+02
+3.273902174e+08,-1.007809753e+02
+3.273907609e+08,-1.019730835e+02
+3.273913043e+08,-1.027802582e+02
+3.273918478e+08,-1.032840347e+02
+3.273923913e+08,-1.030658112e+02
+3.273929348e+08,-1.026902313e+02
+3.273934783e+08,-1.035828781e+02
+3.273940217e+08,-1.024932404e+02
+3.273945652e+08,-1.039709167e+02
+3.273951087e+08,-1.016587067e+02
+3.273956522e+08,-1.012390900e+02
+3.273961957e+08,-1.040548019e+02
+3.273967391e+08,-9.910173035e+01
+3.273972826e+08,-1.032672882e+02
+3.273978261e+08,-1.009132767e+02
+3.273983696e+08,-1.016456299e+02
+3.273989130e+08,-1.036885681e+02
+3.273994565e+08,-1.027599716e+02
+3.274000000e+08,-1.016065598e+02
+3.274005435e+08,-9.817388916e+01
+3.274010870e+08,-1.034130096e+02
+3.274016304e+08,-1.026170044e+02
+3.274021739e+08,-1.002075424e+02
+3.274027174e+08,-1.020897827e+02
+3.274032609e+08,-1.012839966e+02
+3.274038043e+08,-1.035468140e+02
+3.274043478e+08,-1.018556061e+02
+3.274048913e+08,-1.042028580e+02
+3.274054348e+08,-1.024607162e+02
+3.274059783e+08,-1.023666458e+02
+3.274065217e+08,-1.053717270e+02
+3.274070652e+08,-1.038775787e+02
+3.274076087e+08,-1.031676788e+02
+3.274081522e+08,-1.034499817e+02
+3.274086957e+08,-9.273569489e+01
+3.274092391e+08,-1.031917648e+02
+3.274097826e+08,-1.016982193e+02
+3.274103261e+08,-1.035016708e+02
+3.274108696e+08,-9.305670929e+01
+3.274114130e+08,-1.026169662e+02
+3.274119565e+08,-1.019175873e+02
+3.274125000e+08,-1.034313965e+02
+3.274130435e+08,-1.011136856e+02
+3.274135870e+08,-1.038748169e+02
+3.274141304e+08,-1.046758957e+02
+3.274146739e+08,-1.027069016e+02
+3.274152174e+08,-1.025408020e+02
+3.274157609e+08,-1.000484695e+02
+3.274163043e+08,-1.032002182e+02
+3.274168478e+08,-1.013792953e+02
+3.274173913e+08,-1.024365540e+02
+3.274179348e+08,-1.027937927e+02
+3.274184783e+08,-1.045531387e+02
+3.274190217e+08,-1.013052216e+02
+3.274195652e+08,-9.647640228e+01
+3.274201087e+08,-9.814831543e+01
+3.274206522e+08,-1.030393295e+02
+3.274211957e+08,-1.036037292e+02
+3.274217391e+08,-1.036573868e+02
+3.274222826e+08,-1.032676544e+02
+3.274228261e+08,-1.042858124e+02
+3.274233696e+08,-1.026918869e+02
+3.274239130e+08,-1.026481628e+02
+3.274244565e+08,-9.887902069e+01
+3.274250000e+08,-1.032073517e+02
+3.274255435e+08,-1.023542099e+02
+3.274260870e+08,-1.022994690e+02
+3.274266304e+08,-1.048149643e+02
+3.274271739e+08,-1.017794724e+02
+3.274277174e+08,-1.024153976e+02
+3.274282609e+08,-1.024342651e+02
+3.274288043e+08,-1.009268265e+02
+3.274293478e+08,-1.027409515e+02
+3.274298913e+08,-1.032647476e+02
+3.274304348e+08,-1.019659729e+02
+3.274309783e+08,-1.036902695e+02
+3.274315217e+08,-1.037262955e+02
+3.274320652e+08,-1.040337067e+02
+3.274326087e+08,-1.032597809e+02
+3.274331522e+08,-1.035500031e+02
+3.274336957e+08,-1.021273117e+02
+3.274342391e+08,-1.020240860e+02
+3.274347826e+08,-1.015551147e+02
+3.274353261e+08,-1.031232071e+02
+3.274358696e+08,-1.026909103e+02
+3.274364130e+08,-1.021130447e+02
+3.274369565e+08,-1.033438873e+02
+3.274375000e+08,-1.040052948e+02
+3.274380435e+08,-1.030530014e+02
+3.274385870e+08,-1.018430634e+02
+3.274391304e+08,-8.829598999e+01
+3.274396739e+08,-1.040808716e+02
+3.274402174e+08,-1.041297760e+02
+3.274407609e+08,-1.030117188e+02
+3.274413043e+08,-9.156064606e+01
+3.274418478e+08,-1.008356323e+02
+3.274423913e+08,-1.029127655e+02
+3.274429348e+08,-1.020782394e+02
+3.274434783e+08,-1.040633850e+02
+3.274440217e+08,-1.009446182e+02
+3.274445652e+08,-1.029880676e+02
+3.274451087e+08,-1.020660172e+02
+3.274456522e+08,-1.039725418e+02
+3.274461957e+08,-9.576244354e+01
+3.274467391e+08,-1.025736008e+02
+3.274472826e+08,-1.039056702e+02
+3.274478261e+08,-1.024840088e+02
+3.274483696e+08,-1.018874893e+02
+3.274489130e+08,-1.017110596e+02
+3.274494565e+08,-1.015929260e+02
+3.274500000e+08,-1.031103897e+02
+3.274505435e+08,-9.691553497e+01
+3.274510870e+08,-9.983866882e+01
+3.274516304e+08,-1.027180939e+02
+3.274521739e+08,-1.024619293e+02
+3.274527174e+08,-1.037032928e+02
+3.274532609e+08,-1.038353882e+02
+3.274538043e+08,-1.022144928e+02
+3.274543478e+08,-1.016214905e+02
+3.274548913e+08,-9.508609009e+01
+3.274554348e+08,-9.491221619e+01
+3.274559783e+08,-1.028636627e+02
+3.274565217e+08,-1.010863495e+02
+3.274570652e+08,-1.017270050e+02
+3.274576087e+08,-1.037071381e+02
+3.274581522e+08,-1.022105103e+02
+3.274586957e+08,-1.040327454e+02
+3.274592391e+08,-1.025451202e+02
+3.274597826e+08,-1.027457123e+02
+3.274603261e+08,-1.036170502e+02
+3.274608696e+08,-1.039201813e+02
+3.274614130e+08,-1.035313110e+02
+3.274619565e+08,-1.040075226e+02
+3.274625000e+08,-1.033141785e+02
+3.274630435e+08,-1.043409271e+02
+3.274635870e+08,-1.023290863e+02
+3.274641304e+08,-1.043514099e+02
+3.274646739e+08,-1.025901642e+02
+3.274652174e+08,-1.022465515e+02
+3.274657609e+08,-1.041508179e+02
+3.274663043e+08,-1.029025879e+02
+3.274668478e+08,-1.034113464e+02
+3.274673913e+08,-1.026077118e+02
+3.274679348e+08,-1.022931366e+02
+3.274684783e+08,-1.020745239e+02
+3.274690217e+08,-1.026072693e+02
+3.274695652e+08,-1.020158844e+02
+3.274701087e+08,-1.014793091e+02
+3.274706522e+08,-1.035270691e+02
+3.274711957e+08,-1.024827118e+02
+3.274717391e+08,-1.013072357e+02
+3.274722826e+08,-9.988282776e+01
+3.274728261e+08,-1.029915924e+02
+3.274733696e+08,-1.033063965e+02
+3.274739130e+08,-1.030464478e+02
+3.274744565e+08,-1.017006531e+02
+3.274750000e+08,-1.040859528e+02
+3.274755435e+08,-1.025165558e+02
+3.274760870e+08,-1.031528320e+02
+3.274766304e+08,-1.034131470e+02
+3.274771739e+08,-1.022329559e+02
+3.274777174e+08,-1.034368134e+02
+3.274782609e+08,-1.032532806e+02
+3.274788043e+08,-1.020644989e+02
+3.274793478e+08,-1.039346313e+02
+3.274798913e+08,-1.023764801e+02
+3.274804348e+08,-1.035596619e+02
+3.274809783e+08,-1.045191345e+02
+3.274815217e+08,-1.019401398e+02
+3.274820652e+08,-1.020623016e+02
+3.274826087e+08,-9.616323853e+01
+3.274831522e+08,-1.032425690e+02
+3.274836957e+08,-1.038063660e+02
+3.274842391e+08,-1.038627167e+02
+3.274847826e+08,-1.033246460e+02
+3.274853261e+08,-1.033134460e+02
+3.274858696e+08,-1.042934875e+02
+3.274864130e+08,-1.021364594e+02
+3.274869565e+08,-1.036220703e+02
+3.274875000e+08,-1.021704102e+02
+3.274880435e+08,-1.048459778e+02
+3.274885870e+08,-1.027327728e+02
+3.274891304e+08,-1.047605133e+02
+3.274896739e+08,-1.037046661e+02
+3.274902174e+08,-1.019038849e+02
+3.274907609e+08,-1.036416779e+02
+3.274913043e+08,-1.033476563e+02
+3.274918478e+08,-1.019541168e+02
+3.274923913e+08,-1.011672668e+02
+3.274929348e+08,-1.034052124e+02
+3.274934783e+08,-1.036116180e+02
+3.274940217e+08,-1.039137268e+02
+3.274945652e+08,-1.047763062e+02
+3.274951087e+08,-1.025561066e+02
+3.274956522e+08,-1.032019043e+02
+3.274961957e+08,-1.033013000e+02
+3.274967391e+08,-1.029151306e+02
+3.274972826e+08,-1.020393524e+02
+3.274978261e+08,-1.014112701e+02
+3.274983696e+08,-1.027745361e+02
+3.274989130e+08,-1.019529877e+02
+3.274994565e+08,-1.029510040e+02
+3.275000000e+08,-1.025754852e+02
+3.275005435e+08,-9.745523071e+01
+3.275010870e+08,-1.018289185e+02
+3.275016304e+08,-1.042641602e+02
+3.275021739e+08,-1.032635651e+02
+3.275027174e+08,-9.857914734e+01
+3.275032609e+08,-1.016589203e+02
+3.275038043e+08,-1.026015167e+02
+3.275043478e+08,-1.019362488e+02
+3.275048913e+08,-1.030186920e+02
+3.275054348e+08,-1.033042450e+02
+3.275059783e+08,-1.013712463e+02
+3.275065217e+08,-1.032216797e+02
+3.275070652e+08,-1.024540558e+02
+3.275076087e+08,-1.018117065e+02
+3.275081522e+08,-1.036024933e+02
+3.275086957e+08,-1.027922974e+02
+3.275092391e+08,-1.027996216e+02
+3.275097826e+08,-1.030285645e+02
+3.275103261e+08,-1.034404144e+02
+3.275108696e+08,-1.038593445e+02
+3.275114130e+08,-1.021051636e+02
+3.275119565e+08,-1.021625366e+02
+3.275125000e+08,-1.032097168e+02
+3.275130435e+08,-1.030121460e+02
+3.275135870e+08,-1.030500336e+02
+3.275141304e+08,-1.027467804e+02
+3.275146739e+08,-1.016576996e+02
+3.275152174e+08,-1.019849396e+02
+3.275157609e+08,-1.029131317e+02
+3.275163043e+08,-1.034619751e+02
+3.275168478e+08,-1.036845093e+02
+3.275173913e+08,-1.032077332e+02
+3.275179348e+08,-1.014283295e+02
+3.275184783e+08,-1.022597198e+02
+3.275190217e+08,-1.035277252e+02
+3.275195652e+08,-1.051061554e+02
+3.275201087e+08,-1.040774536e+02
+3.275206522e+08,-1.023166962e+02
+3.275211957e+08,-1.029718933e+02
+3.275217391e+08,-1.023346558e+02
+3.275222826e+08,-1.020987244e+02
+3.275228261e+08,-1.014231110e+02
+3.275233696e+08,-1.012824326e+02
+3.275239130e+08,-1.029307938e+02
+3.275244565e+08,-1.028647842e+02
+3.275250000e+08,-1.033624725e+02

