+1.000000000e+06,-6.793160248e+01
+3.171739130e+06,-7.465578461e+01
+5.343478261e+06,-7.476728058e+01
+7.515217391e+06,-7.653831482e+01
+9.686956522e+06,-6.947442627e+01
+1.185869565e+07,-7.825634003e+01
+1.403043478e+07,-6.586264038e+01
+1.620217391e+07,-7.293416595e+01
+1.837391304e+07,-7.084963989e+01
+2.054565217e+07,-6.276023865e+01
+2.271739130e+07,-6.905679321e+01
+2.488913043e+07,-7.067192078e+01
+2.706086957e+07,-6.879656219e+01
+2.923260870e+07,-7.729981232e+01
+3.140434783e+07,-7.713671112e+01
+3.357608696e+07,-8.151010132e+01
+3.574782609e+07,-8.433005524e+01
+3.791956522e+07,-8.142199707e+01
+4.009130435e+07,-7.857032776e+01
+4.226304348e+07,-8.399558258e+01
+4.443478261e+07,-8.411103058e+01
+4.660652174e+07,-8.169297791e+01
+4.877826087e+07,-8.259040833e+01
+5.095000000e+07,-7.741777802e+01
+5.312173913e+07,-7.742292023e+01
+5.529347826e+07,-7.226323700e+01
+5.746521739e+07,-7.579551697e+01
+5.963695652e+07,-7.371040344e+01
+6.180869565e+07,-8.199480438e+01
+6.398043478e+07,-8.346931458e+01
+6.615217391e+07,-8.809188080e+01
+6.832391304e+07,-8.948362732e+01
+7.049565217e+07,-9.062371063e+01
+7.266739130e+07,-8.739649200e+01
+7.483913043e+07,-8.771649933e+01
+7.701086957e+07,-8.784365082e+01
+7.918260870e+07,-8.378476715e+01
+8.135434783e+07,-8.340446472e+01
+8.352608696e+07,-8.505626678e+01
+8.569782609e+07,-8.468315887e+01
+8.786956522e+07,-8.780960083e+01
+9.004130435e+07,-9.286118317e+01
+9.221304348e+07,-7.142228699e+01
+9.438478261e+07,-7.167239380e+01
+9.655652174e+07,-7.662119293e+01
+9.872826087e+07,-7.363542938e+01
+1.009000000e+08,-9.693897247e+01
+1.030717391e+08,-9.502459717e+01
+1.052434783e+08,-9.753710175e+01
+1.074152174e+08,-9.647910309e+01
+1.095869565e+08,-9.549268341e+01
+1.117586957e+08,-9.496963501e+01
+1.139304348e+08,-9.741477203e+01
+1.161021739e+08,-9.989418793e+01
+1.182739130e+08,-1.030126343e+02
+1.204456522e+08,-8.971419525e+01
+1.226173913e+08,-1.003746338e+02
+1.247891304e+08,-1.019732285e+02
+1.269608696e+08,-1.025733719e+02
+1.291326087e+08,-9.705247498e+01
+1.313043478e+08,-9.768423462e+01
+1.334760870e+08,-9.627759552e+01
+1.356478261e+08,-9.828542328e+01
+1.378195652e+08,-9.698278809e+01
+1.399913043e+08,-9.727619934e+01
+1.421630435e+08,-1.003821640e+02
+1.443347826e+08,-9.738465881e+01
+1.465065217e+08,-9.989745331e+01
+1.486782609e+08,-9.496508789e+01
+1.508500000e+08,-9.940113068e+01
+1.530217391e+08,-9.160508728e+01
+1.551934783e+08,-1.009044571e+02
+1.573652174e+08,-9.908563232e+01
+1.595369565e+08,-1.039688721e+02
+1.617086957e+08,-1.010940628e+02
+1.638804348e+08,-1.025714951e+02
+1.660521739e+08,-9.955482483e+01
+1.682239130e+08,-7.323498535e+01
+1.703956522e+08,-1.018689880e+02
+1.725673913e+08,-1.014871902e+02
+1.747391304e+08,-1.008835220e+02
+1.769108696e+08,-1.016117706e+02
+1.790826087e+08,-1.037371063e+02
+1.812543478e+08,-9.824562073e+01
+1.834260870e+08,-1.041384583e+02
+1.855978261e+08,-1.019669952e+02
+1.877695652e+08,-1.036676559e+02
+1.899413043e+08,-1.035082855e+02
+1.921130435e+08,-9.684034729e+01
+1.942847826e+08,-1.030491867e+02
+1.964565217e+08,-1.025886688e+02
+1.986282609e+08,-1.043093872e+02
+2.008000000e+08,-8.966597748e+01
+2.029717391e+08,-1.017572021e+02
+2.051434783e+08,-1.002863464e+02
+2.073152174e+08,-1.035943298e+02
+2.094869565e+08,-1.008507538e+02
+2.116586957e+08,-1.038095093e+02
+2.138304348e+08,-1.041063309e+02
+2.160021739e+08,-9.405343628e+01
+2.181739130e+08,-1.020554199e+02
+2.203456522e+08,-1.009685745e+02
+2.225173913e+08,-1.037592010e+02
+2.246891304e+08,-1.019207535e+02
+2.268608696e+08,-1.021322937e+02
+2.290326087e+08,-1.029649353e+02
+2.312043478e+08,-1.013277893e+02
+2.333760870e+08,-9.645485687e+01
+2.355478261e+08,-1.011941986e+02
+2.377195652e+08,-1.030953827e+02
+2.398913043e+08,-9.373501587e+01
+2.420630435e+08,-9.872481537e+01
+2.442347826e+08,-1.029002075e+02
+2.464065217e+08,-1.025830002e+02
+2.485782609e+08,-1.011342468e+02
+2.507500000e+08,-1.013984528e+02
+2.529217391e+08,-1.025712585e+02
+2.550934783e+08,-9.912358093e+01
+2.572652174e+08,-1.002475204e+02
+2.594369565e+08,-9.974484253e+01
+2.616086957e+08,-1.011521454e+02
+2.637804348e+08,-9.943466187e+01
+2.659521739e+08,-9.915197754e+01
+2.681239130e+08,-9.952101135e+01
+2.702956522e+08,-9.885440826e+01
+2.724673913e+08,-1.035293961e+02
+2.746391304e+08,-1.034747543e+02
+2.768108696e+08,-1.018255615e+02
+2.789826087e+08,-9.951474762e+01
+2.811543478e+08,-1.004109039e+02
+2.833260870e+08,-1.026415787e+02
+2.854978261e+08,-1.030454178e+02
+2.876695652e+08,-1.007344360e+02
+2.898413043e+08,-9.613237000e+01
+2.920130435e+08,-1.007844849e+02
+2.941847826e+08,-1.020392609e+02
+2.963565217e+08,-1.029835587e+02
+2.985282609e+08,-1.013894272e+02
+3.007000000e+08,-9.727468872e+01
+3.028717391e+08,-1.023955078e+02
+3.050434783e+08,-1.026924744e+02
+3.072152174e+08,-1.025584106e+02
+3.093869565e+08,-1.026568451e+02
+3.115586957e+08,-1.030876312e+02
+3.137304348e+08,-1.026161728e+02
+3.159021739e+08,-1.040384293e+02
+3.180739130e+08,-1.026166306e+02
+3.202456522e+08,-1.029652710e+02
+3.224173913e+08,-1.035628128e+02
+3.245891304e+08,-1.038428955e+02
+3.267608696e+08,-1.030560074e+02
+3.289326087e+08,-1.005516815e+02
+3.311043478e+08,-1.035817871e+02
+3.332760870e+08,-1.032260284e+02
+3.354478261e+08,-1.017819901e+02
+3.376195652e+08,-1.027985229e+02
+3.397913043e+08,-1.038624725e+02
+3.419630435e+08,-1.034291763e+02
+3.441347826e+08,-1.040802307e+02
+3.463065217e+08,-1.031337814e+02
+3.484782609e+08,-1.037043304e+02
+3.506500000e+08,-1.028364716e+02
+3.528217391e+08,-1.041053848e+02
+3.549934783e+08,-1.033139038e+02
+3.571652174e+08,-9.817421722e+01
+3.593369565e+08,-1.037723694e+02
+3.615086957e+08,-1.033619614e+02
+3.636804348e+08,-1.022659531e+02
+3.658521739e+08,-9.470310974e+01
+3.680239130e+08,-1.035899734e+02
+3.701956522e+08,-1.031540680e+02
+3.723673913e+08,-1.033436584e+02
+3.745391304e+08,-1.030274506e+02
+3.767108696e+08,-1.028853836e+02
+3.788826087e+08,-1.029465332e+02
+3.810543478e+08,-1.019710159e+02
+3.832260870e+08,-9.783351135e+01
+3.853978261e+08,-1.019127731e+02
+3.875695652e+08,-9.923504639e+01
+3.897413043e+08,-9.876081848e+01
+3.919130435e+08,-1.016888962e+02
+3.940847826e+08,-9.892884064e+01
+3.962565217e+08,-1.004766998e+02
+3.984282609e+08,-9.764485931e+01
+4.006000000e+08,-1.026543503e+02
+4.027717391e+08,-1.041123734e+02
+4.049434783e+08,-1.034878311e+02
+4.071152174e+08,-1.036191330e+02
+4.092869565e+08,-1.027171173e+02
+4.114586957e+08,-1.039165955e+02
+4.136304348e+08,-1.035794373e+02
+4.158021739e+08,-1.043502426e+02
+4.179739130e+08,-1.038070068e+02
+4.201456522e+08,-1.047651520e+02
+4.223173913e+08,-1.036377640e+02
+4.244891304e+08,-1.040737610e+02
+4.266608696e+08,-1.032980652e+02
+4.288326087e+08,-1.029629440e+02
+4.310043478e+08,-9.828205109e+01
+4.331760870e+08,-1.022632904e+02
+4.353478261e+08,-1.050303345e+02
+4.375195652e+08,-1.038149414e+02
+4.396913043e+08,-1.047877045e+02
+4.418630435e+08,-9.750524139e+01
+4.440347826e+08,-1.027689590e+02
+4.462065217e+08,-1.040449600e+02
+4.483782609e+08,-1.041030884e+02
+4.505500000e+08,-1.038246155e+02
+4.527217391e+08,-1.030999069e+02
+4.548934783e+08,-1.036888275e+02
+4.570652174e+08,-1.025523071e+02
+4.592369565e+08,-9.349533081e+01
+4.614086957e+08,-8.403031158e+01
+4.635804348e+08,-9.708578491e+01
+4.657521739e+08,-9.717587280e+01
+4.679239130e+08,-1.037212143e+02
+4.700956522e+08,-1.051902924e+02
+4.722673913e+08,-1.036725159e+02
+4.744391304e+08,-1.049714279e+02
+4.766108696e+08,-1.046424408e+02
+4.787826087e+08,-1.037327271e+02
+4.809543478e+08,-1.044325256e+02
+4.831260870e+08,-1.050455170e+02
+4.852978261e+08,-1.037622528e+02
+4.874695652e+08,-1.042870789e+02
+4.896413043e+08,-1.048789063e+02
+4.918130435e+08,-1.041317596e+02
+4.939847826e+08,-1.042444382e+02
+4.961565217e+08,-1.044082336e+02
+4.983282609e+08,-1.044772644e+02
+5.005000000e+08,-9.357758331e+01
+5.026717391e+08,-1.053948059e+02
+5.048434783e+08,-1.046584778e+02
+5.070152174e+08,-1.049988251e+02
+5.091869565e+08,-1.038896179e+02
+5.113586957e+08,-1.051319351e+02
+5.135304348e+08,-1.043666000e+02
+5.157021739e+08,-1.053034363e+02
+5.178739130e+08,-1.044877319e+02
+5.200456522e+08,-1.037023773e+02
+5.222173913e+08,-1.043412781e+02
+5.243891304e+08,-1.047925491e+02
+5.265608696e+08,-1.044797211e+02
+5.287326087e+08,-1.051066284e+02
+5.309043478e+08,-1.057179031e+02
+5.330760870e+08,-1.047824707e+02
+5.352478261e+08,-1.050686874e+02
+5.374195652e+08,-1.050994263e+02
+5.395913043e+08,-1.047210846e+02
+5.417630435e+08,-1.051737366e+02
+5.439347826e+08,-1.049594879e+02
+5.461065217e+08,-1.040338898e+02
+5.482782609e+08,-1.049151154e+02
+5.504500000e+08,-9.908273315e+01
+5.526217391e+08,-1.011282272e+02
+5.547934783e+08,-1.032508545e+02
+5.569652174e+08,-1.043560486e+02
+5.591369565e+08,-1.051213379e+02
+5.613086957e+08,-1.045808868e+02
+5.634804348e+08,-1.044920502e+02
+5.656521739e+08,-1.033966827e+02
+5.678239130e+08,-1.042677307e+02
+5.699956522e+08,-1.055106506e+02
+5.721673913e+08,-1.061377258e+02
+5.743391304e+08,-1.042779388e+02
+5.765108696e+08,-1.035746918e+02
+5.786826087e+08,-1.047886963e+02
+5.808543478e+08,-1.044598770e+02
+5.830260870e+08,-1.041042023e+02
+5.851978261e+08,-1.038028412e+02
+5.873695652e+08,-1.043603516e+02
+5.895413043e+08,-1.050350494e+02
+5.917130435e+08,-1.042099915e+02
+5.938847826e+08,-1.044913177e+02
+5.960565217e+08,-1.042216949e+02
+5.982282609e+08,-1.042229156e+02
+6.004000000e+08,-1.040959854e+02
+6.025717391e+08,-1.049213333e+02
+6.047434783e+08,-1.038559723e+02
+6.069152174e+08,-1.050129852e+02
+6.090869565e+08,-1.051413040e+02
+6.112586957e+08,-1.029109802e+02
+6.134304348e+08,-1.042207947e+02
+6.156021739e+08,-1.030425034e+02
+6.177739130e+08,-1.025928497e+02
+6.199456522e+08,-1.036605530e+02
+6.221173913e+08,-1.043495407e+02
+6.242891304e+08,-1.052946167e+02
+6.264608696e+08,-1.055236511e+02
+6.286326087e+08,-1.054197388e+02
+6.308043478e+08,-1.046405334e+02
+6.329760870e+08,-1.047714157e+02
+6.351478261e+08,-1.048262253e+02
+6.373195652e+08,-1.037932739e+02
+6.394913043e+08,-1.042431488e+02
+6.416630435e+08,-1.045778580e+02
+6.438347826e+08,-1.050351563e+02
+6.460065217e+08,-1.054754028e+02
+6.481782609e+08,-1.057307892e+02
+6.503500000e+08,-1.039877701e+02
+6.525217391e+08,-1.047629547e+02
+6.546934783e+08,-1.048250885e+02
+6.568652174e+08,-1.046801910e+02
+6.590369565e+08,-1.039848022e+02
+6.612086957e+08,-1.044947510e+02
+6.633804348e+08,-1.054682007e+02
+6.655521739e+08,-1.047354736e+02
+6.677239130e+08,-1.052530212e+02
+6.698956522e+08,-1.044487457e+02
+6.720673913e+08,-1.046192551e+02
+6.742391304e+08,-1.054523926e+02
+6.764108696e+08,-1.054880905e+02
+6.785826087e+08,-1.049778366e+02
+6.807543478e+08,-1.058850784e+02
+6.829260870e+08,-1.049092407e+02
+6.850978261e+08,-1.045280914e+02
+6.872695652e+08,-1.049433899e+02
+6.894413043e+08,-1.050259094e+02
+6.916130435e+08,-1.047862167e+02
+6.937847826e+08,-1.049787369e+02
+6.959565217e+08,-1.051968994e+02
+6.981282609e+08,-1.048055267e+02
+7.003000000e+08,-1.050549240e+02
+7.024717391e+08,-1.057392807e+02
+7.046434783e+08,-1.048851089e+02
+7.068152174e+08,-1.042288666e+02
+7.089869565e+08,-1.055081177e+02
+7.111586957e+08,-1.049709702e+02
+7.133304348e+08,-1.053377380e+02
+7.155021739e+08,-1.048814697e+02
+7.176739130e+08,-1.046170807e+02
+7.198456522e+08,-1.039153519e+02
+7.220173913e+08,-1.042674713e+02
+7.241891304e+08,-1.050548401e+02
+7.263608696e+08,-1.049047470e+02
+7.285326087e+08,-1.047434616e+02
+7.307043478e+08,-1.049950714e+02
+7.328760870e+08,-1.047268829e+02
+7.350478261e+08,-1.055772781e+02
+7.372195652e+08,-1.046414490e+02
+7.393913043e+08,-1.046161804e+02
+7.415630435e+08,-1.055293732e+02
+7.437347826e+08,-1.038993607e+02
+7.459065217e+08,-1.043818893e+02
+7.480782609e+08,-1.053334503e+02
+7.502500000e+08,-1.052417297e+02
+7.524217391e+08,-1.055192413e+02
+7.545934783e+08,-1.049658508e+02
+7.567652174e+08,-1.044708786e+02
+7.589369565e+08,-1.046900558e+02
+7.611086957e+08,-1.051155777e+02
+7.632804348e+08,-1.036445084e+02
+7.654521739e+08,-1.053309479e+02
+7.676239130e+08,-1.040355759e+02
+7.697956522e+08,-1.038383942e+02
+7.719673913e+08,-1.043530884e+02
+7.741391304e+08,-1.048717651e+02
+7.763108696e+08,-1.053432007e+02
+7.784826087e+08,-1.032852783e+02
+7.806543478e+08,-1.049354553e+02
+7.828260870e+08,-1.044754944e+02
+7.849978261e+08,-1.052071304e+02
+7.871695652e+08,-1.041219177e+02
+7.893413043e+08,-1.048538971e+02
+7.915130435e+08,-1.050544968e+02
+7.936847826e+08,-1.043290100e+02
+7.958565217e+08,-1.051263885e+02
+7.980282609e+08,-1.043754730e+02
+8.002000000e+08,-1.043187714e+02
+8.023717391e+08,-1.046049347e+02
+8.045434783e+08,-1.049793472e+02
+8.067152174e+08,-1.050554123e+02
+8.088869565e+08,-1.043379669e+02
+8.110586957e+08,-1.041381073e+02
+8.132304348e+08,-1.046652756e+02
+8.154021739e+08,-1.035796738e+02
+8.175739130e+08,-1.048216476e+02
+8.197456522e+08,-1.045338669e+02
+8.219173913e+08,-1.035958481e+02
+8.240891304e+08,-1.039904327e+02
+8.262608696e+08,-1.047125626e+02
+8.284326087e+08,-1.039451523e+02
+8.306043478e+08,-1.042518082e+02
+8.327760870e+08,-1.050089569e+02
+8.349478261e+08,-1.035909805e+02
+8.371195652e+08,-1.039343414e+02
+8.392913043e+08,-1.039535675e+02
+8.414630435e+08,-1.046954498e+02
+8.436347826e+08,-1.036651382e+02
+8.458065217e+08,-1.040662460e+02
+8.479782609e+08,-1.043579330e+02
+8.501500000e+08,-1.041071396e+02
+8.523217391e+08,-1.044931717e+02
+8.544934783e+08,-1.038410416e+02
+8.566652174e+08,-1.033281326e+02
+8.588369565e+08,-1.035168152e+02
+8.610086957e+08,-1.041330872e+02
+8.631804348e+08,-1.039831161e+02
+8.653521739e+08,-1.035892563e+02
+8.675239130e+08,-1.030418015e+02
+8.696956522e+08,-1.042161026e+02
+8.718673913e+08,-9.653503418e+01
+8.740391304e+08,-1.001566467e+02
+8.762108696e+08,-1.041473465e+02
+8.783826087e+08,-1.037577591e+02
+8.805543478e+08,-1.036322708e+02
+8.827260870e+08,-1.044809265e+02
+8.848978261e+08,-1.040552826e+02
+8.870695652e+08,-1.026017151e+02
+8.892413043e+08,-1.032792892e+02
+8.914130435e+08,-1.040305023e+02
+8.935847826e+08,-1.046424637e+02
+8.957565217e+08,-1.037839890e+02
+8.979282609e+08,-1.035266647e+02
+9.001000000e+08,-1.040116959e+02
+9.022717391e+08,-1.042051620e+02
+9.044434783e+08,-1.042126083e+02
+9.066152174e+08,-1.034409866e+02
+9.087869565e+08,-1.031647263e+02
+9.109586957e+08,-9.140782166e+01
+9.131304348e+08,-8.940346527e+01
+9.153021739e+08,-9.954132080e+01
+9.174739130e+08,-1.036053772e+02
+9.196456522e+08,-1.038905869e+02
+9.218173913e+08,-1.036156693e+02
+9.239891304e+08,-1.039457397e+02
+9.261608696e+08,-9.530429077e+01
+9.283326087e+08,-9.181246948e+01
+9.305043478e+08,-1.032782669e+02
+9.326760870e+08,-9.131063843e+01
+9.348478261e+08,-8.047715759e+01
+9.370195652e+08,-7.967221069e+01
+9.391913043e+08,-9.826914215e+01
+9.413630435e+08,-9.933347321e+01
+9.435347826e+08,-8.536656189e+01
+9.457065217e+08,-6.738675690e+01
+9.478782609e+08,-8.689775085e+01
+9.500500000e+08,-9.831302643e+01
+9.522217391e+08,-9.872105408e+01
+9.543934783e+08,-1.011804810e+02
+9.565652174e+08,-1.003722534e+02
+9.587369565e+08,-1.019461899e+02
+9.609086957e+08,-1.035836563e+02
+9.630804348e+08,-1.042302551e+02
+9.652521739e+08,-1.043063736e+02
+9.674239130e+08,-1.029032135e+02
+9.695956522e+08,-1.034885330e+02
+9.717673913e+08,-1.032596359e+02
+9.739391304e+08,-1.042766953e+02
+9.761108696e+08,-1.037164459e+02
+9.782826087e+08,-1.025201263e+02
+9.804543478e+08,-1.020426483e+02
+9.826260870e+08,-1.032179565e+02
+9.847978261e+08,-1.033931351e+02
+9.869695652e+08,-1.036016693e+02
+9.891413043e+08,-1.034448395e+02
+9.913130435e+08,-1.032832718e+02
+9.934847826e+08,-1.037999802e+02
+9.956565217e+08,-1.026400757e+02
+9.978282609e+08,-1.034198380e+02
+1.000000000e+09,-1.016548157e+02

