+1.000000000e+06,-6.506046295e+01
+3.171739130e+06,-6.239957047e+01
+5.343478261e+06,-6.204590225e+01
+7.515217391e+06,-6.900729370e+01
+9.686956522e+06,-6.709642029e+01
+1.185869565e+07,-6.284351730e+01
+1.403043478e+07,-6.354348373e+01
+1.620217391e+07,-5.683927536e+01
+1.837391304e+07,-5.965664291e+01
+2.054565217e+07,-5.192068100e+01
+2.271739130e+07,-6.143713760e+01
+2.488913043e+07,-6.274753952e+01
+2.706086957e+07,-5.994423294e+01
+2.923260870e+07,-6.183118057e+01
+3.140434783e+07,-6.933744049e+01
+3.357608696e+07,-7.265903473e+01
+3.574782609e+07,-7.033721924e+01
+3.791956522e+07,-6.881729889e+01
+4.009130435e+07,-6.934145355e+01
+4.226304348e+07,-7.094488525e+01
+4.443478261e+07,-7.343856049e+01
+4.660652174e+07,-7.438089752e+01
+4.877826087e+07,-7.609924316e+01
+5.095000000e+07,-6.470728302e+01
+5.312173913e+07,-7.001659393e+01
+5.529347826e+07,-6.657527924e+01
+5.746521739e+07,-6.861843109e+01
+5.963695652e+07,-6.678184509e+01
+6.180869565e+07,-7.373451996e+01
+6.398043478e+07,-7.649618530e+01
+6.615217391e+07,-8.174712372e+01
+6.832391304e+07,-8.118215942e+01
+7.049565217e+07,-8.054067230e+01
+7.266739130e+07,-7.693405151e+01
+7.483913043e+07,-7.777554321e+01
+7.701086957e+07,-7.285276031e+01
+7.918260870e+07,-7.509857941e+01
+8.135434783e+07,-7.173794556e+01
+8.352608696e+07,-7.443318176e+01
+8.569782609e+07,-7.627637482e+01
+8.786956522e+07,-7.747964478e+01
+9.004130435e+07,-8.301996613e+01
+9.221304348e+07,-7.950421906e+01
+9.438478261e+07,-6.494375610e+01
+9.655652174e+07,-7.035355377e+01
+9.872826087e+07,-7.543708801e+01
+1.009000000e+08,-8.613127899e+01
+1.030717391e+08,-8.274408722e+01
+1.052434783e+08,-8.436785126e+01
+1.074152174e+08,-8.816275787e+01
+1.095869565e+08,-9.261978912e+01
+1.117586957e+08,-8.999097443e+01
+1.139304348e+08,-9.690373993e+01
+1.161021739e+08,-1.019823685e+02
+1.182739130e+08,-1.023083801e+02
+1.204456522e+08,-9.603231049e+01
+1.226173913e+08,-1.010692902e+02
+1.247891304e+08,-1.042210693e+02
+1.269608696e+08,-1.038301086e+02
+1.291326087e+08,-1.041938400e+02
+1.313043478e+08,-1.046464157e+02
+1.334760870e+08,-9.794205475e+01
+1.356478261e+08,-1.017151566e+02
+1.378195652e+08,-9.895255280e+01
+1.399913043e+08,-1.001541367e+02
+1.421630435e+08,-1.007565308e+02
+1.443347826e+08,-9.906867218e+01
+1.465065217e+08,-1.010714493e+02
+1.486782609e+08,-9.765778351e+01
+1.508500000e+08,-9.862483215e+01
+1.530217391e+08,-9.609134674e+01
+1.551934783e+08,-9.840827179e+01
+1.573652174e+08,-1.027082825e+02
+1.595369565e+08,-1.002567520e+02
+1.617086957e+08,-9.650400543e+01
+1.638804348e+08,-1.002276077e+02
+1.660521739e+08,-9.863597870e+01
+1.682239130e+08,-7.266365814e+01
+1.703956522e+08,-9.879408264e+01
+1.725673913e+08,-9.739561462e+01
+1.747391304e+08,-9.696514893e+01
+1.769108696e+08,-9.492033386e+01
+1.790826087e+08,-9.689090729e+01
+1.812543478e+08,-9.617076111e+01
+1.834260870e+08,-1.018243790e+02
+1.855978261e+08,-9.630043793e+01
+1.877695652e+08,-1.007567825e+02
+1.899413043e+08,-9.732315826e+01
+1.921130435e+08,-9.019309235e+01
+1.942847826e+08,-1.012031097e+02
+1.964565217e+08,-1.026525345e+02
+1.986282609e+08,-1.019217300e+02
+2.008000000e+08,-8.388190460e+01
+2.029717391e+08,-1.022638550e+02
+2.051434783e+08,-9.833402252e+01
+2.073152174e+08,-1.030911789e+02
+2.094869565e+08,-1.037846451e+02
+2.116586957e+08,-1.030402679e+02
+2.138304348e+08,-1.042900467e+02
+2.160021739e+08,-1.034135513e+02
+2.181739130e+08,-1.038405228e+02
+2.203456522e+08,-1.032311707e+02
+2.225173913e+08,-1.014735184e+02
+2.246891304e+08,-1.016889801e+02
+2.268608696e+08,-1.005019608e+02
+2.290326087e+08,-1.015098190e+02
+2.312043478e+08,-1.014541473e+02
+2.333760870e+08,-9.999082947e+01
+2.355478261e+08,-1.021760406e+02
+2.377195652e+08,-1.035099945e+02
+2.398913043e+08,-9.573352051e+01
+2.420630435e+08,-1.003431473e+02
+2.442347826e+08,-1.030699158e+02
+2.464065217e+08,-1.032006760e+02
+2.485782609e+08,-1.031704636e+02
+2.507500000e+08,-9.618132019e+01
+2.529217391e+08,-1.029910812e+02
+2.550934783e+08,-1.002265625e+02
+2.572652174e+08,-1.015397568e+02
+2.594369565e+08,-1.035566330e+02
+2.616086957e+08,-1.030847549e+02
+2.637804348e+08,-9.748999786e+01
+2.659521739e+08,-8.661913300e+01
+2.681239130e+08,-9.995485687e+01
+2.702956522e+08,-1.011635818e+02
+2.724673913e+08,-9.613538361e+01
+2.746391304e+08,-1.020099335e+02
+2.768108696e+08,-1.018211517e+02
+2.789826087e+08,-9.536884308e+01
+2.811543478e+08,-1.029146881e+02
+2.833260870e+08,-1.033641129e+02
+2.854978261e+08,-1.027840805e+02
+2.876695652e+08,-1.032331238e+02
+2.898413043e+08,-1.034076538e+02
+2.920130435e+08,-1.025571899e+02
+2.941847826e+08,-1.032422180e+02
+2.963565217e+08,-1.032625275e+02
+2.985282609e+08,-1.034158936e+02
+3.007000000e+08,-9.364966583e+01
+3.028717391e+08,-1.006445770e+02
+3.050434783e+08,-1.040644913e+02
+3.072152174e+08,-1.035680389e+02
+3.093869565e+08,-1.037938995e+02
+3.115586957e+08,-1.038634872e+02
+3.137304348e+08,-1.019488220e+02
+3.159021739e+08,-1.030046310e+02
+3.180739130e+08,-1.033413315e+02
+3.202456522e+08,-1.047223053e+02
+3.224173913e+08,-1.021393661e+02
+3.245891304e+08,-1.037149048e+02
+3.267608696e+08,-1.011467438e+02
+3.289326087e+08,-9.985290527e+01
+3.311043478e+08,-1.032922592e+02
+3.332760870e+08,-1.030321732e+02
+3.354478261e+08,-1.035445557e+02
+3.376195652e+08,-1.040768356e+02
+3.397913043e+08,-1.032893066e+02
+3.419630435e+08,-1.030495148e+02
+3.441347826e+08,-1.022653122e+02
+3.463065217e+08,-1.034315567e+02
+3.484782609e+08,-1.036647644e+02
+3.506500000e+08,-1.038827133e+02
+3.528217391e+08,-1.030442429e+02
+3.549934783e+08,-1.033362045e+02
+3.571652174e+08,-1.014248276e+02
+3.593369565e+08,-1.023578339e+02
+3.615086957e+08,-1.032726898e+02
+3.636804348e+08,-1.022462311e+02
+3.658521739e+08,-8.668206787e+01
+3.680239130e+08,-1.037400742e+02
+3.701956522e+08,-1.026713181e+02
+3.723673913e+08,-1.017437973e+02
+3.745391304e+08,-1.035615158e+02
+3.767108696e+08,-1.019414978e+02
+3.788826087e+08,-1.030971909e+02
+3.810543478e+08,-1.026877518e+02
+3.832260870e+08,-1.006492767e+02
+3.853978261e+08,-1.006518402e+02
+3.875695652e+08,-9.993588257e+01
+3.897413043e+08,-1.001285324e+02
+3.919130435e+08,-1.001294098e+02
+3.940847826e+08,-1.004790802e+02
+3.962565217e+08,-1.017565536e+02
+3.984282609e+08,-1.015412216e+02
+4.006000000e+08,-1.000566025e+02
+4.027717391e+08,-1.036423111e+02
+4.049434783e+08,-1.017760315e+02
+4.071152174e+08,-9.691665649e+01
+4.092869565e+08,-1.016915207e+02
+4.114586957e+08,-1.019013748e+02
+4.136304348e+08,-1.038476486e+02
+4.158021739e+08,-1.038184433e+02
+4.179739130e+08,-1.033302307e+02
+4.201456522e+08,-1.035681686e+02
+4.223173913e+08,-1.023294907e+02
+4.244891304e+08,-1.031076050e+02
+4.266608696e+08,-1.034837570e+02
+4.288326087e+08,-1.037809982e+02
+4.310043478e+08,-9.564636230e+01
+4.331760870e+08,-9.717798615e+01
+4.353478261e+08,-1.033897858e+02
+4.375195652e+08,-1.037773514e+02
+4.396913043e+08,-1.037192307e+02
+4.418630435e+08,-1.011875992e+02
+4.440347826e+08,-1.039142838e+02
+4.462065217e+08,-1.036577377e+02
+4.483782609e+08,-1.043902817e+02
+4.505500000e+08,-1.036053391e+02
+4.527217391e+08,-1.043447723e+02
+4.548934783e+08,-1.029900589e+02
+4.570652174e+08,-1.022247925e+02
+4.592369565e+08,-1.033947754e+02
+4.614086957e+08,-9.153826904e+01
+4.635804348e+08,-9.646334076e+01
+4.657521739e+08,-9.669158173e+01
+4.679239130e+08,-1.023616714e+02
+4.700956522e+08,-1.041671066e+02
+4.722673913e+08,-1.042035217e+02
+4.744391304e+08,-1.046041412e+02
+4.766108696e+08,-1.043083801e+02
+4.787826087e+08,-1.026044312e+02
+4.809543478e+08,-1.036263046e+02
+4.831260870e+08,-1.036296539e+02
+4.852978261e+08,-1.047446823e+02
+4.874695652e+08,-1.044035568e+02
+4.896413043e+08,-1.023164139e+02
+4.918130435e+08,-1.038429565e+02
+4.939847826e+08,-1.037438126e+02
+4.961565217e+08,-1.051897888e+02
+4.983282609e+08,-1.053863297e+02
+5.005000000e+08,-9.362033081e+01
+5.026717391e+08,-1.046674881e+02
+5.048434783e+08,-1.054522934e+02
+5.070152174e+08,-1.052205582e+02
+5.091869565e+08,-1.048226700e+02
+5.113586957e+08,-1.046293564e+02
+5.135304348e+08,-1.051758423e+02
+5.157021739e+08,-1.052859344e+02
+5.178739130e+08,-1.035494537e+02
+5.200456522e+08,-1.040366898e+02
+5.222173913e+08,-1.039132919e+02
+5.243891304e+08,-1.040491562e+02
+5.265608696e+08,-1.039989090e+02
+5.287326087e+08,-1.005556183e+02
+5.309043478e+08,-1.047161407e+02
+5.330760870e+08,-1.006043930e+02
+5.352478261e+08,-1.042308350e+02
+5.374195652e+08,-1.053001175e+02
+5.395913043e+08,-1.047387924e+02
+5.417630435e+08,-1.047244186e+02
+5.439347826e+08,-1.039067307e+02
+5.461065217e+08,-1.034017792e+02
+5.482782609e+08,-1.046255569e+02
+5.504500000e+08,-9.989643860e+01
+5.526217391e+08,-9.965322113e+01
+5.547934783e+08,-9.737839508e+01
+5.569652174e+08,-9.862783051e+01
+5.591369565e+08,-1.055754166e+02
+5.613086957e+08,-1.052506485e+02
+5.634804348e+08,-1.051900101e+02
+5.656521739e+08,-9.754142761e+01
+5.678239130e+08,-1.047336960e+02
+5.699956522e+08,-1.056814194e+02
+5.721673913e+08,-1.050772705e+02
+5.743391304e+08,-1.039736633e+02
+5.765108696e+08,-1.044113693e+02
+5.786826087e+08,-1.043934555e+02
+5.808543478e+08,-1.045705032e+02
+5.830260870e+08,-1.044136353e+02
+5.851978261e+08,-1.049903336e+02
+5.873695652e+08,-1.044499359e+02
+5.895413043e+08,-1.038756485e+02
+5.917130435e+08,-1.037029343e+02
+5.938847826e+08,-1.031750793e+02
+5.960565217e+08,-1.051728287e+02
+5.982282609e+08,-1.035743103e+02
+6.004000000e+08,-1.008470764e+02
+6.025717391e+08,-1.001737213e+02
+6.047434783e+08,-1.012548904e+02
+6.069152174e+08,-1.051840439e+02
+6.090869565e+08,-1.044130325e+02
+6.112586957e+08,-1.048639908e+02
+6.134304348e+08,-1.052839355e+02
+6.156021739e+08,-1.045868607e+02
+6.177739130e+08,-1.033955536e+02
+6.199456522e+08,-1.022392960e+02
+6.221173913e+08,-1.044106750e+02
+6.242891304e+08,-1.020921555e+02
+6.264608696e+08,-1.056978226e+02
+6.286326087e+08,-1.043338928e+02
+6.308043478e+08,-1.042278442e+02
+6.329760870e+08,-9.897814178e+01
+6.351478261e+08,-1.044784851e+02
+6.373195652e+08,-1.049467087e+02
+6.394913043e+08,-1.044615860e+02
+6.416630435e+08,-1.048712463e+02
+6.438347826e+08,-1.041328812e+02
+6.460065217e+08,-1.032220383e+02
+6.481782609e+08,-1.047598648e+02
+6.503500000e+08,-1.051598129e+02
+6.525217391e+08,-1.050141907e+02
+6.546934783e+08,-1.042211990e+02
+6.568652174e+08,-1.049938736e+02
+6.590369565e+08,-1.054724121e+02
+6.612086957e+08,-1.052118301e+02
+6.633804348e+08,-1.046031723e+02
+6.655521739e+08,-1.051906128e+02
+6.677239130e+08,-1.054872818e+02
+6.698956522e+08,-1.050811920e+02
+6.720673913e+08,-1.042087555e+02
+6.742391304e+08,-1.049047928e+02
+6.764108696e+08,-1.050157776e+02
+6.785826087e+08,-1.040497360e+02
+6.807543478e+08,-1.048743057e+02
+6.829260870e+08,-1.041655807e+02
+6.850978261e+08,-1.034770279e+02
+6.872695652e+08,-1.044344406e+02
+6.894413043e+08,-1.023973312e+02
+6.916130435e+08,-1.040794525e+02
+6.937847826e+08,-1.044527130e+02
+6.959565217e+08,-1.052413177e+02
+6.981282609e+08,-1.055548630e+02
+7.003000000e+08,-1.054011917e+02
+7.024717391e+08,-1.053190765e+02
+7.046434783e+08,-1.053592300e+02
+7.068152174e+08,-1.039729996e+02
+7.089869565e+08,-1.050916519e+02
+7.111586957e+08,-1.042581940e+02
+7.133304348e+08,-1.044222870e+02
+7.155021739e+08,-1.055607529e+02
+7.176739130e+08,-1.042594910e+02
+7.198456522e+08,-1.043981247e+02
+7.220173913e+08,-1.051607361e+02
+7.241891304e+08,-1.050559158e+02
+7.263608696e+08,-1.050580368e+02
+7.285326087e+08,-1.052484283e+02
+7.307043478e+08,-1.053882523e+02
+7.328760870e+08,-1.039083557e+02
+7.350478261e+08,-1.056768265e+02
+7.372195652e+08,-1.056237564e+02
+7.393913043e+08,-1.041868820e+02
+7.415630435e+08,-1.057742081e+02
+7.437347826e+08,-1.051077805e+02
+7.459065217e+08,-1.055849686e+02
+7.480782609e+08,-1.045783691e+02
+7.502500000e+08,-1.052234344e+02
+7.524217391e+08,-1.052478409e+02
+7.545934783e+08,-1.043161621e+02
+7.567652174e+08,-1.045859909e+02
+7.589369565e+08,-1.050032883e+02
+7.611086957e+08,-1.051412735e+02
+7.632804348e+08,-1.035409470e+02
+7.654521739e+08,-1.052830505e+02
+7.676239130e+08,-9.965030670e+01
+7.697956522e+08,-1.046628876e+02
+7.719673913e+08,-1.033046799e+02
+7.741391304e+08,-1.042810287e+02
+7.763108696e+08,-1.042356567e+02
+7.784826087e+08,-1.046406250e+02
+7.806543478e+08,-1.051468582e+02
+7.828260870e+08,-1.044841690e+02
+7.849978261e+08,-1.036094513e+02
+7.871695652e+08,-1.037815628e+02
+7.893413043e+08,-1.046175003e+02
+7.915130435e+08,-1.048187256e+02
+7.936847826e+08,-1.044101944e+02
+7.958565217e+08,-1.051946182e+02
+7.980282609e+08,-1.044126358e+02
+8.002000000e+08,-1.031338272e+02
+8.023717391e+08,-1.044983368e+02
+8.045434783e+08,-1.043644028e+02
+8.067152174e+08,-1.049725494e+02
+8.088869565e+08,-1.040556564e+02
+8.110586957e+08,-1.043528214e+02
+8.132304348e+08,-1.041299896e+02
+8.154021739e+08,-1.015222244e+02
+8.175739130e+08,-1.042942047e+02
+8.197456522e+08,-1.045609131e+02
+8.219173913e+08,-1.047164764e+02
+8.240891304e+08,-1.028792725e+02
+8.262608696e+08,-1.042657547e+02
+8.284326087e+08,-1.031159592e+02
+8.306043478e+08,-1.046606750e+02
+8.327760870e+08,-1.037197266e+02
+8.349478261e+08,-1.038719864e+02
+8.371195652e+08,-1.044094620e+02
+8.392913043e+08,-1.050184937e+02
+8.414630435e+08,-1.043333130e+02
+8.436347826e+08,-1.044181976e+02
+8.458065217e+08,-1.040580215e+02
+8.479782609e+08,-1.028742599e+02
+8.501500000e+08,-1.032779083e+02
+8.523217391e+08,-1.022977142e+02
+8.544934783e+08,-1.046035690e+02
+8.566652174e+08,-1.033921661e+02
+8.588369565e+08,-1.038331299e+02
+8.610086957e+08,-1.036481552e+02
+8.631804348e+08,-1.045791702e+02
+8.653521739e+08,-1.040088730e+02
+8.675239130e+08,-1.028423233e+02
+8.696956522e+08,-1.030976334e+02
+8.718673913e+08,-1.001520004e+02
+8.740391304e+08,-1.002340775e+02
+8.762108696e+08,-1.043256531e+02
+8.783826087e+08,-1.034650345e+02
+8.805543478e+08,-1.045473557e+02
+8.827260870e+08,-1.045401382e+02
+8.848978261e+08,-1.039399872e+02
+8.870695652e+08,-1.040170822e+02
+8.892413043e+08,-1.036263351e+02
+8.914130435e+08,-1.028038254e+02
+8.935847826e+08,-1.043190155e+02
+8.957565217e+08,-1.042667465e+02
+8.979282609e+08,-1.025014038e+02
+9.001000000e+08,-1.035058060e+02
+9.022717391e+08,-1.028349533e+02
+9.044434783e+08,-1.034219589e+02
+9.066152174e+08,-1.034582672e+02
+9.087869565e+08,-1.035784073e+02
+9.109586957e+08,-1.036627045e+02
+9.131304348e+08,-1.037278748e+02
+9.153021739e+08,-1.039402618e+02
+9.174739130e+08,-1.038108215e+02
+9.196456522e+08,-1.030633926e+02
+9.218173913e+08,-1.028417130e+02
+9.239891304e+08,-1.030070877e+02
+9.261608696e+08,-9.196561432e+01
+9.283326087e+08,-9.136576080e+01
+9.305043478e+08,-1.037790909e+02
+9.326760870e+08,-8.914189148e+01
+9.348478261e+08,-8.489462280e+01
+9.370195652e+08,-8.269306183e+01
+9.391913043e+08,-9.114431000e+01
+9.413630435e+08,-9.658299255e+01
+9.435347826e+08,-7.915386200e+01
+9.457065217e+08,-7.000867462e+01
+9.478782609e+08,-8.718456268e+01
+9.500500000e+08,-9.089395142e+01
+9.522217391e+08,-9.520474243e+01
+9.543934783e+08,-1.027892151e+02
+9.565652174e+08,-1.004512939e+02
+9.587369565e+08,-1.006312561e+02
+9.609086957e+08,-1.039094849e+02
+9.630804348e+08,-1.040127335e+02
+9.652521739e+08,-1.035831604e+02
+9.674239130e+08,-1.036828537e+02
+9.695956522e+08,-1.036032944e+02
+9.717673913e+08,-1.041398010e+02
+9.739391304e+08,-1.028175278e+02
+9.761108696e+08,-1.031392975e+02
+9.782826087e+08,-1.024737549e+02
+9.804543478e+08,-1.028740005e+02
+9.826260870e+08,-1.027456818e+02
+9.847978261e+08,-1.034877090e+02
+9.869695652e+08,-1.034001846e+02
+9.891413043e+08,-1.044029922e+02
+9.913130435e+08,-1.023612289e+02
+9.934847826e+08,-1.041549530e+02
+9.956565217e+08,-1.040948486e+02
+9.978282609e+08,-1.029255829e+02
+1.000000000e+09,-1.038420486e+02

