+1.000000000e+06,-7.353856659e+01
+3.171739130e+06,-7.855717468e+01
+5.343478261e+06,-7.384622192e+01
+7.515217391e+06,-7.938152313e+01
+9.686956522e+06,-7.821321106e+01
+1.185869565e+07,-7.493551636e+01
+1.403043478e+07,-7.788481903e+01
+1.620217391e+07,-7.355903625e+01
+1.837391304e+07,-7.292401886e+01
+2.054565217e+07,-6.471362305e+01
+2.271739130e+07,-7.320887756e+01
+2.488913043e+07,-7.185359955e+01
+2.706086957e+07,-7.263062286e+01
+2.923260870e+07,-7.349276733e+01
+3.140434783e+07,-8.120964050e+01
+3.357608696e+07,-8.029912567e+01
+3.574782609e+07,-7.993083954e+01
+3.791956522e+07,-7.991299438e+01
+4.009130435e+07,-7.703892517e+01
+4.226304348e+07,-7.948365784e+01
+4.443478261e+07,-7.994889069e+01
+4.660652174e+07,-7.812560272e+01
+4.877826087e+07,-8.587969208e+01
+5.095000000e+07,-8.150028992e+01
+5.312173913e+07,-7.888063812e+01
+5.529347826e+07,-7.893726349e+01
+5.746521739e+07,-7.880803680e+01
+5.963695652e+07,-8.199022675e+01
+6.180869565e+07,-8.430318451e+01
+6.398043478e+07,-8.745911407e+01
+6.615217391e+07,-9.035163116e+01
+6.832391304e+07,-9.402657318e+01
+7.049565217e+07,-9.616088867e+01
+7.266739130e+07,-8.554568481e+01
+7.483913043e+07,-9.447722626e+01
+7.701086957e+07,-8.886372375e+01
+7.918260870e+07,-9.459552765e+01
+8.135434783e+07,-9.368399811e+01
+8.352608696e+07,-8.450949860e+01
+8.569782609e+07,-8.941172028e+01
+8.786956522e+07,-8.910070801e+01
+9.004130435e+07,-9.367240906e+01
+9.221304348e+07,-6.943703461e+01
+9.438478261e+07,-7.207726288e+01
+9.655652174e+07,-7.374347687e+01
+9.872826087e+07,-7.638303375e+01
+1.009000000e+08,-9.343222046e+01
+1.030717391e+08,-9.314488983e+01
+1.052434783e+08,-9.929737091e+01
+1.074152174e+08,-9.443880463e+01
+1.095869565e+08,-9.677816010e+01
+1.117586957e+08,-9.582281494e+01
+1.139304348e+08,-9.768048096e+01
+1.161021739e+08,-1.016784134e+02
+1.182739130e+08,-1.007972183e+02
+1.204456522e+08,-9.272774506e+01
+1.226173913e+08,-1.024671021e+02
+1.247891304e+08,-9.667750549e+01
+1.269608696e+08,-1.026942368e+02
+1.291326087e+08,-9.859931183e+01
+1.313043478e+08,-9.852494049e+01
+1.334760870e+08,-9.460736847e+01
+1.356478261e+08,-9.970492554e+01
+1.378195652e+08,-9.807840729e+01
+1.399913043e+08,-9.364050293e+01
+1.421630435e+08,-9.686590576e+01
+1.443347826e+08,-8.994420624e+01
+1.465065217e+08,-9.735525513e+01
+1.486782609e+08,-9.909050751e+01
+1.508500000e+08,-9.977632904e+01
+1.530217391e+08,-8.345075989e+01
+1.551934783e+08,-9.988741302e+01
+1.573652174e+08,-1.000453339e+02
+1.595369565e+08,-1.029901810e+02
+1.617086957e+08,-9.578409576e+01
+1.638804348e+08,-1.026269302e+02
+1.660521739e+08,-1.004139862e+02
+1.682239130e+08,-8.502645874e+01
+1.703956522e+08,-1.017329636e+02
+1.725673913e+08,-1.016293335e+02
+1.747391304e+08,-1.009813766e+02
+1.769108696e+08,-1.007694092e+02
+1.790826087e+08,-1.020434189e+02
+1.812543478e+08,-9.853506470e+01
+1.834260870e+08,-1.033227005e+02
+1.855978261e+08,-1.026794052e+02
+1.877695652e+08,-1.028531723e+02
+1.899413043e+08,-1.029462814e+02
+1.921130435e+08,-9.886414337e+01
+1.942847826e+08,-1.035641861e+02
+1.964565217e+08,-1.027944260e+02
+1.986282609e+08,-1.028259048e+02
+2.008000000e+08,-9.630808258e+01
+2.029717391e+08,-1.019269943e+02
+2.051434783e+08,-1.034880447e+02
+2.073152174e+08,-1.028297195e+02
+2.094869565e+08,-1.037295151e+02
+2.116586957e+08,-1.038240662e+02
+2.138304348e+08,-1.031935501e+02
+2.160021739e+08,-1.001105423e+02
+2.181739130e+08,-1.029508514e+02
+2.203456522e+08,-1.006098099e+02
+2.225173913e+08,-1.027658310e+02
+2.246891304e+08,-1.028761063e+02
+2.268608696e+08,-1.038256149e+02
+2.290326087e+08,-1.023457260e+02
+2.312043478e+08,-1.032402420e+02
+2.333760870e+08,-1.000007248e+02
+2.355478261e+08,-1.031510086e+02
+2.377195652e+08,-1.024479599e+02
+2.398913043e+08,-9.314083099e+01
+2.420630435e+08,-9.996402740e+01
+2.442347826e+08,-1.002501907e+02
+2.464065217e+08,-1.038678665e+02
+2.485782609e+08,-1.005345535e+02
+2.507500000e+08,-9.516020966e+01
+2.529217391e+08,-1.036319275e+02
+2.550934783e+08,-9.855314636e+01
+2.572652174e+08,-1.006363831e+02
+2.594369565e+08,-9.710263824e+01
+2.616086957e+08,-1.016601257e+02
+2.637804348e+08,-9.998240662e+01
+2.659521739e+08,-1.025844574e+02
+2.681239130e+08,-1.021603851e+02
+2.702956522e+08,-9.530818939e+01
+2.724673913e+08,-1.030306091e+02
+2.746391304e+08,-1.028599625e+02
+2.768108696e+08,-1.018265228e+02
+2.789826087e+08,-1.009898605e+02
+2.811543478e+08,-1.033758240e+02
+2.833260870e+08,-1.029184036e+02
+2.854978261e+08,-1.029985504e+02
+2.876695652e+08,-1.030950394e+02
+2.898413043e+08,-9.913179016e+01
+2.920130435e+08,-1.025720749e+02
+2.941847826e+08,-1.036588211e+02
+2.963565217e+08,-1.029266891e+02
+2.985282609e+08,-1.026869278e+02
+3.007000000e+08,-9.601473236e+01
+3.028717391e+08,-9.654663849e+01
+3.050434783e+08,-1.010016937e+02
+3.072152174e+08,-1.023538284e+02
+3.093869565e+08,-1.027731247e+02
+3.115586957e+08,-1.024787903e+02
+3.137304348e+08,-1.032650604e+02
+3.159021739e+08,-1.030108719e+02
+3.180739130e+08,-1.026461945e+02
+3.202456522e+08,-1.033524323e+02
+3.224173913e+08,-1.032646332e+02
+3.245891304e+08,-1.033114471e+02
+3.267608696e+08,-1.030241318e+02
+3.289326087e+08,-1.019465485e+02
+3.311043478e+08,-1.033654327e+02
+3.332760870e+08,-1.025193176e+02
+3.354478261e+08,-9.794493103e+01
+3.376195652e+08,-1.030429535e+02
+3.397913043e+08,-1.026933746e+02
+3.419630435e+08,-1.040024490e+02
+3.441347826e+08,-1.019349670e+02
+3.463065217e+08,-1.034233704e+02
+3.484782609e+08,-1.020772324e+02
+3.506500000e+08,-1.025634842e+02
+3.528217391e+08,-1.032189713e+02
+3.549934783e+08,-1.040558243e+02
+3.571652174e+08,-1.026910019e+02
+3.593369565e+08,-1.027594681e+02
+3.615086957e+08,-1.014348297e+02
+3.636804348e+08,-1.024067078e+02
+3.658521739e+08,-8.444795227e+01
+3.680239130e+08,-1.023394852e+02
+3.701956522e+08,-1.035396118e+02
+3.723673913e+08,-1.007635727e+02
+3.745391304e+08,-1.004356613e+02
+3.767108696e+08,-9.786817932e+01
+3.788826087e+08,-1.005990143e+02
+3.810543478e+08,-1.001015396e+02
+3.832260870e+08,-9.963072205e+01
+3.853978261e+08,-9.955145264e+01
+3.875695652e+08,-9.793767548e+01
+3.897413043e+08,-9.644593048e+01
+3.919130435e+08,-9.954341888e+01
+3.940847826e+08,-9.938505554e+01
+3.962565217e+08,-1.018711243e+02
+3.984282609e+08,-9.989897919e+01
+4.006000000e+08,-1.011517563e+02
+4.027717391e+08,-1.035949097e+02
+4.049434783e+08,-1.029145584e+02
+4.071152174e+08,-9.285708618e+01
+4.092869565e+08,-1.029879379e+02
+4.114586957e+08,-1.024496231e+02
+4.136304348e+08,-1.027037888e+02
+4.158021739e+08,-1.019666443e+02
+4.179739130e+08,-1.034907837e+02
+4.201456522e+08,-1.026102524e+02
+4.223173913e+08,-1.034261780e+02
+4.244891304e+08,-1.035050278e+02
+4.266608696e+08,-1.028960114e+02
+4.288326087e+08,-1.037219391e+02
+4.310043478e+08,-1.028042831e+02
+4.331760870e+08,-1.018997574e+02
+4.353478261e+08,-1.026070557e+02
+4.375195652e+08,-1.036217194e+02
+4.396913043e+08,-1.047431107e+02
+4.418630435e+08,-9.327754211e+01
+4.440347826e+08,-1.036707077e+02
+4.462065217e+08,-1.041440964e+02
+4.483782609e+08,-1.042810898e+02
+4.505500000e+08,-1.050372925e+02
+4.527217391e+08,-1.033648911e+02
+4.548934783e+08,-1.038258667e+02
+4.570652174e+08,-1.052284470e+02
+4.592369565e+08,-1.045141144e+02
+4.614086957e+08,-1.008957367e+02
+4.635804348e+08,-9.281681061e+01
+4.657521739e+08,-9.136399078e+01
+4.679239130e+08,-1.045264511e+02
+4.700956522e+08,-1.041182327e+02
+4.722673913e+08,-1.031220245e+02
+4.744391304e+08,-1.032337036e+02
+4.766108696e+08,-1.031535721e+02
+4.787826087e+08,-1.000213013e+02
+4.809543478e+08,-1.037546768e+02
+4.831260870e+08,-1.040196991e+02
+4.852978261e+08,-1.044308014e+02
+4.874695652e+08,-1.043150711e+02
+4.896413043e+08,-1.043842010e+02
+4.918130435e+08,-1.039755020e+02
+4.939847826e+08,-1.041997147e+02
+4.961565217e+08,-1.053215561e+02
+4.983282609e+08,-1.040312881e+02
+5.005000000e+08,-1.024972305e+02
+5.026717391e+08,-1.038170242e+02
+5.048434783e+08,-1.043938522e+02
+5.070152174e+08,-1.046538467e+02
+5.091869565e+08,-1.048532181e+02
+5.113586957e+08,-1.038554764e+02
+5.135304348e+08,-1.049023819e+02
+5.157021739e+08,-1.034606323e+02
+5.178739130e+08,-1.040220795e+02
+5.200456522e+08,-1.028872299e+02
+5.222173913e+08,-1.051723633e+02
+5.243891304e+08,-1.048922272e+02
+5.265608696e+08,-1.038748703e+02
+5.287326087e+08,-1.039795151e+02
+5.309043478e+08,-1.029642410e+02
+5.330760870e+08,-1.041210327e+02
+5.352478261e+08,-1.035491028e+02
+5.374195652e+08,-1.035904160e+02
+5.395913043e+08,-1.048948212e+02
+5.417630435e+08,-1.050999527e+02
+5.439347826e+08,-1.048478165e+02
+5.461065217e+08,-1.046275253e+02
+5.482782609e+08,-1.045930786e+02
+5.504500000e+08,-9.181555939e+01
+5.526217391e+08,-9.383959198e+01
+5.547934783e+08,-9.570755005e+01
+5.569652174e+08,-9.552667999e+01
+5.591369565e+08,-1.053141251e+02
+5.613086957e+08,-1.050970306e+02
+5.634804348e+08,-1.037998352e+02
+5.656521739e+08,-1.029029465e+02
+5.678239130e+08,-1.034684448e+02
+5.699956522e+08,-1.048562622e+02
+5.721673913e+08,-1.047805405e+02
+5.743391304e+08,-1.011893463e+02
+5.765108696e+08,-1.053716202e+02
+5.786826087e+08,-1.035540543e+02
+5.808543478e+08,-1.048247452e+02
+5.830260870e+08,-1.042706680e+02
+5.851978261e+08,-1.037853928e+02
+5.873695652e+08,-1.035859985e+02
+5.895413043e+08,-1.045754776e+02
+5.917130435e+08,-1.023680191e+02
+5.938847826e+08,-1.038962326e+02
+5.960565217e+08,-1.050265808e+02
+5.982282609e+08,-9.745413208e+01
+6.004000000e+08,-9.592777252e+01
+6.025717391e+08,-9.685867310e+01
+6.047434783e+08,-9.586197662e+01
+6.069152174e+08,-1.042636261e+02
+6.090869565e+08,-1.035930099e+02
+6.112586957e+08,-1.038579330e+02
+6.134304348e+08,-9.975527191e+01
+6.156021739e+08,-9.740534973e+01
+6.177739130e+08,-9.789260864e+01
+6.199456522e+08,-9.787591553e+01
+6.221173913e+08,-9.961215210e+01
+6.242891304e+08,-1.039895935e+02
+6.264608696e+08,-1.059027939e+02
+6.286326087e+08,-1.053960953e+02
+6.308043478e+08,-1.045241165e+02
+6.329760870e+08,-1.047845612e+02
+6.351478261e+08,-1.040012817e+02
+6.373195652e+08,-1.046068497e+02
+6.394913043e+08,-1.053087997e+02
+6.416630435e+08,-1.054460220e+02
+6.438347826e+08,-1.053696823e+02
+6.460065217e+08,-1.052250595e+02
+6.481782609e+08,-1.049410629e+02
+6.503500000e+08,-1.040295029e+02
+6.525217391e+08,-1.048796158e+02
+6.546934783e+08,-1.043771896e+02
+6.568652174e+08,-1.043825836e+02
+6.590369565e+08,-1.037715225e+02
+6.612086957e+08,-1.041526566e+02
+6.633804348e+08,-1.051600037e+02
+6.655521739e+08,-1.053758774e+02
+6.677239130e+08,-1.032747650e+02
+6.698956522e+08,-1.039900894e+02
+6.720673913e+08,-1.050261154e+02
+6.742391304e+08,-1.039503250e+02
+6.764108696e+08,-1.050250015e+02
+6.785826087e+08,-1.053194733e+02
+6.807543478e+08,-1.046449280e+02
+6.829260870e+08,-1.048204498e+02
+6.850978261e+08,-1.052384262e+02
+6.872695652e+08,-1.036531296e+02
+6.894413043e+08,-1.018665848e+02
+6.916130435e+08,-1.038983994e+02
+6.937847826e+08,-1.040544510e+02
+6.959565217e+08,-1.036643906e+02
+6.981282609e+08,-1.047116013e+02
+7.003000000e+08,-1.014714279e+02
+7.024717391e+08,-1.049228134e+02
+7.046434783e+08,-1.051293182e+02
+7.068152174e+08,-1.054307709e+02
+7.089869565e+08,-1.042652512e+02
+7.111586957e+08,-1.047106323e+02
+7.133304348e+08,-1.047896271e+02
+7.155021739e+08,-1.042002411e+02
+7.176739130e+08,-1.036631699e+02
+7.198456522e+08,-1.053507919e+02
+7.220173913e+08,-1.042948227e+02
+7.241891304e+08,-1.053472519e+02
+7.263608696e+08,-1.046479416e+02
+7.285326087e+08,-1.047011337e+02
+7.307043478e+08,-1.051429596e+02
+7.328760870e+08,-1.052755966e+02
+7.350478261e+08,-1.039401703e+02
+7.372195652e+08,-1.047144165e+02
+7.393913043e+08,-1.040377121e+02
+7.415630435e+08,-1.049479370e+02
+7.437347826e+08,-1.041017380e+02
+7.459065217e+08,-1.043221283e+02
+7.480782609e+08,-1.042918243e+02
+7.502500000e+08,-1.044233551e+02
+7.524217391e+08,-1.051844177e+02
+7.545934783e+08,-1.035568237e+02
+7.567652174e+08,-1.042803116e+02
+7.589369565e+08,-1.035402298e+02
+7.611086957e+08,-1.035274887e+02
+7.632804348e+08,-1.046779785e+02
+7.654521739e+08,-1.032705688e+02
+7.676239130e+08,-1.036321793e+02
+7.697956522e+08,-1.039886551e+02
+7.719673913e+08,-1.044547729e+02
+7.741391304e+08,-1.046485062e+02
+7.763108696e+08,-1.049881668e+02
+7.784826087e+08,-1.035887451e+02
+7.806543478e+08,-1.042766800e+02
+7.828260870e+08,-1.043004227e+02
+7.849978261e+08,-1.045835495e+02
+7.871695652e+08,-1.044177017e+02
+7.893413043e+08,-1.044583588e+02
+7.915130435e+08,-1.042998657e+02
+7.936847826e+08,-1.042853317e+02
+7.958565217e+08,-1.037100449e+02
+7.980282609e+08,-1.036149063e+02
+8.002000000e+08,-1.042874222e+02
+8.023717391e+08,-1.035056076e+02
+8.045434783e+08,-1.041276932e+02
+8.067152174e+08,-1.045958252e+02
+8.088869565e+08,-1.035182571e+02
+8.110586957e+08,-1.038962402e+02
+8.132304348e+08,-1.033116684e+02
+8.154021739e+08,-1.039947205e+02
+8.175739130e+08,-1.046914520e+02
+8.197456522e+08,-1.045613861e+02
+8.219173913e+08,-1.037369232e+02
+8.240891304e+08,-1.045555038e+02
+8.262608696e+08,-1.040867920e+02
+8.284326087e+08,-1.035574493e+02
+8.306043478e+08,-1.035179367e+02
+8.327760870e+08,-1.025158768e+02
+8.349478261e+08,-1.042031326e+02
+8.371195652e+08,-1.038424911e+02
+8.392913043e+08,-1.040923538e+02
+8.414630435e+08,-1.040830612e+02
+8.436347826e+08,-1.032495956e+02
+8.458065217e+08,-1.032073975e+02
+8.479782609e+08,-1.040556259e+02
+8.501500000e+08,-1.035227890e+02
+8.523217391e+08,-1.036181259e+02
+8.544934783e+08,-1.044374619e+02
+8.566652174e+08,-1.043614960e+02
+8.588369565e+08,-1.038354492e+02
+8.610086957e+08,-1.044401932e+02
+8.631804348e+08,-1.028543167e+02
+8.653521739e+08,-1.031345215e+02
+8.675239130e+08,-1.031401138e+02
+8.696956522e+08,-1.039035110e+02
+8.718673913e+08,-9.667094421e+01
+8.740391304e+08,-9.706253815e+01
+8.762108696e+08,-1.029057007e+02
+8.783826087e+08,-1.033044052e+02
+8.805543478e+08,-1.032938843e+02
+8.827260870e+08,-1.034650803e+02
+8.848978261e+08,-1.038007736e+02
+8.870695652e+08,-1.041381149e+02
+8.892413043e+08,-1.028109207e+02
+8.914130435e+08,-1.047676392e+02
+8.935847826e+08,-1.033145065e+02
+8.957565217e+08,-1.037185440e+02
+8.979282609e+08,-1.033440323e+02
+9.001000000e+08,-1.033669434e+02
+9.022717391e+08,-6.915444946e+01
+9.044434783e+08,-9.911437225e+01
+9.066152174e+08,-1.023893051e+02
+9.087869565e+08,-1.034220123e+02
+9.109586957e+08,-1.026331024e+02
+9.131304348e+08,-1.029472351e+02
+9.153021739e+08,-1.022366028e+02
+9.174739130e+08,-1.028131485e+02
+9.196456522e+08,-1.034548492e+02
+9.218173913e+08,-1.039928894e+02
+9.239891304e+08,-1.023736038e+02
+9.261608696e+08,-9.130097961e+01
+9.283326087e+08,-9.214533234e+01
+9.305043478e+08,-1.028851242e+02
+9.326760870e+08,-9.365787506e+01
+9.348478261e+08,-7.741257477e+01
+9.370195652e+08,-8.186451721e+01
+9.391913043e+08,-9.374925995e+01
+9.413630435e+08,-9.553933716e+01
+9.435347826e+08,-8.883066559e+01
+9.457065217e+08,-7.019666290e+01
+9.478782609e+08,-8.837515259e+01
+9.500500000e+08,-9.482094574e+01
+9.522217391e+08,-9.214189148e+01
+9.543934783e+08,-9.902134705e+01
+9.565652174e+08,-9.816232300e+01
+9.587369565e+08,-9.761296844e+01
+9.609086957e+08,-1.036649170e+02
+9.630804348e+08,-1.022657089e+02
+9.652521739e+08,-1.028591156e+02
+9.674239130e+08,-1.023240585e+02
+9.695956522e+08,-1.036414719e+02
+9.717673913e+08,-1.037933655e+02
+9.739391304e+08,-1.036485291e+02
+9.761108696e+08,-1.037975540e+02
+9.782826087e+08,-1.032988052e+02
+9.804543478e+08,-1.032646942e+02
+9.826260870e+08,-1.034439468e+02
+9.847978261e+08,-1.016869736e+02
+9.869695652e+08,-1.040028229e+02
+9.891413043e+08,-1.023919296e+02
+9.913130435e+08,-1.038157425e+02
+9.934847826e+08,-1.032738571e+02
+9.956565217e+08,-1.025686417e+02
+9.978282609e+08,-1.022958908e+02
+1.000000000e+09,-1.033143539e+02

