+3.272750000e+08,-1.056742325e+02
+3.272755435e+08,-1.040437927e+02
+3.272760870e+08,-1.041370773e+02
+3.272766304e+08,-1.041605988e+02
+3.272771739e+08,-1.058387756e+02
+3.272777174e+08,-1.056704865e+02
+3.272782609e+08,-1.056030502e+02
+3.272788043e+08,-1.051148758e+02
+3.272793478e+08,-1.056336975e+02
+3.272798913e+08,-1.066334381e+02
+3.272804348e+08,-1.058288116e+02
+3.272809783e+08,-1.064908218e+02
+3.272815217e+08,-1.059560394e+02
+3.272820652e+08,-1.061277390e+02
+3.272826087e+08,-1.050484772e+02
+3.272831522e+08,-1.065102997e+02
+3.272836957e+08,-1.050953293e+02
+3.272842391e+08,-1.039003220e+02
+3.272847826e+08,-1.055407639e+02
+3.272853261e+08,-1.047555618e+02
+3.272858696e+08,-1.050814667e+02
+3.272864130e+08,-1.050490875e+02
+3.272869565e+08,-1.059768677e+02
+3.272875000e+08,-1.061911392e+02
+3.272880435e+08,-1.050872726e+02
+3.272885870e+08,-1.060376282e+02
+3.272891304e+08,-1.043029480e+02
+3.272896739e+08,-1.055109863e+02
+3.272902174e+08,-1.066197662e+02
+3.272907609e+08,-1.054042358e+02
+3.272913043e+08,-1.057817993e+02
+3.272918478e+08,-1.066722183e+02
+3.272923913e+08,-1.037270813e+02
+3.272929348e+08,-1.044905624e+02
+3.272934783e+08,-1.049727783e+02
+3.272940217e+08,-1.007801514e+02
+3.272945652e+08,-1.057629318e+02
+3.272951087e+08,-1.053578415e+02
+3.272956522e+08,-1.046970901e+02
+3.272961957e+08,-1.057098923e+02
+3.272967391e+08,-1.044607315e+02
+3.272972826e+08,-1.056006699e+02
+3.272978261e+08,-1.054539108e+02
+3.272983696e+08,-1.065597610e+02
+3.272989130e+08,-1.055892715e+02
+3.272994565e+08,-1.041941910e+02
+3.273000000e+08,-1.048227463e+02
+3.273005435e+08,-1.064879074e+02
+3.273010870e+08,-1.051324234e+02
+3.273016304e+08,-1.049684067e+02
+3.273021739e+08,-1.057415543e+02
+3.273027174e+08,-1.044502945e+02
+3.273032609e+08,-1.056387100e+02
+3.273038043e+08,-1.062337112e+02
+3.273043478e+08,-1.040843735e+02
+3.273048913e+08,-1.063359909e+02
+3.273054348e+08,-1.055742722e+02
+3.273059783e+08,-1.038100662e+02
+3.273065217e+08,-1.042792740e+02
+3.273070652e+08,-1.055300064e+02
+3.273076087e+08,-1.051070633e+02
+3.273081522e+08,-1.049047165e+02
+3.273086957e+08,-1.049094620e+02
+3.273092391e+08,-1.054827652e+02
+3.273097826e+08,-1.050450363e+02
+3.273103261e+08,-1.048688278e+02
+3.273108696e+08,-1.061202927e+02
+3.273114130e+08,-1.062293777e+02
+3.273119565e+08,-1.064913712e+02
+3.273125000e+08,-1.045058975e+02
+3.273130435e+08,-1.048712692e+02
+3.273135870e+08,-1.060087509e+02
+3.273141304e+08,-1.049291916e+02
+3.273146739e+08,-1.064309769e+02
+3.273152174e+08,-1.044332657e+02
+3.273157609e+08,-1.046945572e+02
+3.273163043e+08,-1.053055801e+02
+3.273168478e+08,-1.056581039e+02
+3.273173913e+08,-1.044114609e+02
+3.273179348e+08,-1.057623978e+02
+3.273184783e+08,-1.046329422e+02
+3.273190217e+08,-1.044244003e+02
+3.273195652e+08,-9.701769257e+01
+3.273201087e+08,-1.011805344e+02
+3.273206522e+08,-1.064808273e+02
+3.273211957e+08,-1.042437439e+02
+3.273217391e+08,-1.049287796e+02
+3.273222826e+08,-1.067336655e+02
+3.273228261e+08,-1.051928635e+02
+3.273233696e+08,-1.048210678e+02
+3.273239130e+08,-1.051220016e+02
+3.273244565e+08,-1.021727448e+02
+3.273250000e+08,-1.063779602e+02
+3.273255435e+08,-1.049629517e+02
+3.273260870e+08,-1.052143555e+02
+3.273266304e+08,-1.061232147e+02
+3.273271739e+08,-1.042420654e+02
+3.273277174e+08,-1.047360001e+02
+3.273282609e+08,-1.049561844e+02
+3.273288043e+08,-1.057420349e+02
+3.273293478e+08,-1.049283218e+02
+3.273298913e+08,-1.049220352e+02
+3.273304348e+08,-1.041891861e+02
+3.273309783e+08,-1.058102417e+02
+3.273315217e+08,-1.052589417e+02
+3.273320652e+08,-1.059519653e+02
+3.273326087e+08,-1.044238281e+02
+3.273331522e+08,-1.025552521e+02
+3.273336957e+08,-1.057806625e+02
+3.273342391e+08,-1.045227127e+02
+3.273347826e+08,-1.060909958e+02
+3.273353261e+08,-1.039364319e+02
+3.273358696e+08,-1.058792191e+02
+3.273364130e+08,-1.058888168e+02
+3.273369565e+08,-1.063523254e+02
+3.273375000e+08,-1.059454575e+02
+3.273380435e+08,-1.074930801e+02
+3.273385870e+08,-1.052477417e+02
+3.273391304e+08,-1.052105026e+02
+3.273396739e+08,-1.051486435e+02
+3.273402174e+08,-1.051971054e+02
+3.273407609e+08,-1.052250137e+02
+3.273413043e+08,-1.043929977e+02
+3.273418478e+08,-1.060757980e+02
+3.273423913e+08,-1.042579575e+02
+3.273429348e+08,-1.055916824e+02
+3.273434783e+08,-1.057435837e+02
+3.273440217e+08,-1.049126053e+02
+3.273445652e+08,-1.047705765e+02
+3.273451087e+08,-1.062310257e+02
+3.273456522e+08,-1.058257065e+02
+3.273461957e+08,-1.051598587e+02
+3.273467391e+08,-1.069900131e+02
+3.273472826e+08,-1.052973862e+02
+3.273478261e+08,-1.058394394e+02
+3.273483696e+08,-1.053643265e+02
+3.273489130e+08,-1.047132645e+02
+3.273494565e+08,-1.058670120e+02
+3.273500000e+08,-1.059980698e+02
+3.273505435e+08,-1.058985062e+02
+3.273510870e+08,-1.062189865e+02
+3.273516304e+08,-1.055325394e+02
+3.273521739e+08,-1.048232040e+02
+3.273527174e+08,-1.052698288e+02
+3.273532609e+08,-1.045319901e+02
+3.273538043e+08,-1.057511978e+02
+3.273543478e+08,-1.056156998e+02
+3.273548913e+08,-1.041662979e+02
+3.273554348e+08,-1.056639328e+02
+3.273559783e+08,-1.054166031e+02
+3.273565217e+08,-1.040931015e+02
+3.273570652e+08,-1.036751022e+02
+3.273576087e+08,-1.034400864e+02
+3.273581522e+08,-1.054275284e+02
+3.273586957e+08,-1.047335739e+02
+3.273592391e+08,-1.039459763e+02
+3.273597826e+08,-1.046970444e+02
+3.273603261e+08,-1.047121964e+02
+3.273608696e+08,-1.062089157e+02
+3.273614130e+08,-1.063900375e+02
+3.273619565e+08,-1.049845200e+02
+3.273625000e+08,-1.055645218e+02
+3.273630435e+08,-1.051632919e+02
+3.273635870e+08,-1.054954605e+02
+3.273641304e+08,-1.053794479e+02
+3.273646739e+08,-1.044215164e+02
+3.273652174e+08,-1.077075119e+02
+3.273657609e+08,-1.053253555e+02
+3.273663043e+08,-1.058419266e+02
+3.273668478e+08,-1.060805130e+02
+3.273673913e+08,-1.064359818e+02
+3.273679348e+08,-1.063892136e+02
+3.273684783e+08,-1.030083237e+02
+3.273690217e+08,-1.061820297e+02
+3.273695652e+08,-1.045533218e+02
+3.273701087e+08,-1.063901291e+02
+3.273706522e+08,-1.060188828e+02
+3.273711957e+08,-1.040241623e+02
+3.273717391e+08,-1.057106705e+02
+3.273722826e+08,-1.051977463e+02
+3.273728261e+08,-1.049993668e+02
+3.273733696e+08,-1.053553238e+02
+3.273739130e+08,-1.061049576e+02
+3.273744565e+08,-1.067179184e+02
+3.273750000e+08,-1.059740677e+02
+3.273755435e+08,-1.062339554e+02
+3.273760870e+08,-1.047773209e+02
+3.273766304e+08,-1.056207809e+02
+3.273771739e+08,-1.064591751e+02
+3.273777174e+08,-1.061172256e+02
+3.273782609e+08,-1.044672165e+02
+3.273788043e+08,-1.052752609e+02
+3.273793478e+08,-1.060915756e+02
+3.273798913e+08,-1.053061295e+02
+3.273804348e+08,-9.681223297e+01
+3.273809783e+08,-1.068489456e+02
+3.273815217e+08,-1.050193100e+02
+3.273820652e+08,-1.048810654e+02
+3.273826087e+08,-1.037380142e+02
+3.273831522e+08,-1.021022263e+02
+3.273836957e+08,-1.049276199e+02
+3.273842391e+08,-1.054593124e+02
+3.273847826e+08,-1.048623886e+02
+3.273853261e+08,-1.026049423e+02
+3.273858696e+08,-1.045849380e+02
+3.273864130e+08,-1.055909195e+02
+3.273869565e+08,-1.039915085e+02
+3.273875000e+08,-1.063824692e+02
+3.273880435e+08,-1.063368149e+02
+3.273885870e+08,-9.974806976e+01
+3.273891304e+08,-1.056755753e+02
+3.273896739e+08,-1.053268814e+02
+3.273902174e+08,-1.063319473e+02
+3.273907609e+08,-1.041376572e+02
+3.273913043e+08,-1.053457565e+02
+3.273918478e+08,-1.051346359e+02
+3.273923913e+08,-1.039737015e+02
+3.273929348e+08,-1.047623825e+02
+3.273934783e+08,-1.057514725e+02
+3.273940217e+08,-1.030244217e+02
+3.273945652e+08,-1.068820267e+02
+3.273951087e+08,-1.048957596e+02
+3.273956522e+08,-1.053419418e+02
+3.273961957e+08,-1.044564590e+02
+3.273967391e+08,-1.037170486e+02
+3.273972826e+08,-1.058199692e+02
+3.273978261e+08,-1.052082443e+02
+3.273983696e+08,-1.044272232e+02
+3.273989130e+08,-1.047320023e+02
+3.273994565e+08,-1.057967148e+02
+3.274000000e+08,-1.057429276e+02
+3.274005435e+08,-1.063747177e+02
+3.274010870e+08,-1.044154587e+02
+3.274016304e+08,-1.051933670e+02
+3.274021739e+08,-1.061596146e+02
+3.274027174e+08,-1.059388199e+02
+3.274032609e+08,-1.051345901e+02
+3.274038043e+08,-1.047536545e+02
+3.274043478e+08,-1.042461624e+02
+3.274048913e+08,-1.061623154e+02
+3.274054348e+08,-1.041223679e+02
+3.274059783e+08,-1.053569260e+02
+3.274065217e+08,-1.058071976e+02
+3.274070652e+08,-1.066230240e+02
+3.274076087e+08,-1.061643906e+02
+3.274081522e+08,-1.067027817e+02
+3.274086957e+08,-1.050660477e+02
+3.274092391e+08,-1.055119095e+02
+3.274097826e+08,-1.055561295e+02
+3.274103261e+08,-1.065284958e+02
+3.274108696e+08,-9.445595551e+01
+3.274114130e+08,-1.039202194e+02
+3.274119565e+08,-1.055013657e+02
+3.274125000e+08,-1.064551010e+02
+3.274130435e+08,-1.057909775e+02
+3.274135870e+08,-1.074748611e+02
+3.274141304e+08,-1.063054733e+02
+3.274146739e+08,-1.044593124e+02
+3.274152174e+08,-1.051433029e+02
+3.274157609e+08,-1.059325485e+02
+3.274163043e+08,-1.060236282e+02
+3.274168478e+08,-1.046469040e+02
+3.274173913e+08,-1.044706192e+02
+3.274179348e+08,-1.056184464e+02
+3.274184783e+08,-1.063215103e+02
+3.274190217e+08,-1.057664108e+02
+3.274195652e+08,-1.056507797e+02
+3.274201087e+08,-1.048272629e+02
+3.274206522e+08,-1.051971054e+02
+3.274211957e+08,-1.051567459e+02
+3.274217391e+08,-1.050992203e+02
+3.274222826e+08,-1.028875198e+02
+3.274228261e+08,-1.068613510e+02
+3.274233696e+08,-1.066357346e+02
+3.274239130e+08,-1.069446793e+02
+3.274244565e+08,-1.015165024e+02
+3.274250000e+08,-1.054118729e+02
+3.274255435e+08,-1.068798752e+02
+3.274260870e+08,-1.056172256e+02
+3.274266304e+08,-1.049415207e+02
+3.274271739e+08,-1.057191238e+02
+3.274277174e+08,-1.052554092e+02
+3.274282609e+08,-1.063959579e+02
+3.274288043e+08,-1.050571060e+02
+3.274293478e+08,-1.057748032e+02
+3.274298913e+08,-1.050703964e+02
+3.274304348e+08,-1.065288162e+02
+3.274309783e+08,-1.054536972e+02
+3.274315217e+08,-1.063778458e+02
+3.274320652e+08,-1.053492966e+02
+3.274326087e+08,-1.048722153e+02
+3.274331522e+08,-1.054818954e+02
+3.274336957e+08,-1.053436966e+02
+3.274342391e+08,-1.059086838e+02
+3.274347826e+08,-1.055191116e+02
+3.274353261e+08,-1.061610031e+02
+3.274358696e+08,-1.063782578e+02
+3.274364130e+08,-1.042152634e+02
+3.274369565e+08,-1.072287216e+02
+3.274375000e+08,-1.035099564e+02
+3.274380435e+08,-1.043689423e+02
+3.274385870e+08,-1.055107574e+02
+3.274391304e+08,-1.053151550e+02
+3.274396739e+08,-1.046746902e+02
+3.274402174e+08,-1.070742569e+02
+3.274407609e+08,-1.062636414e+02
+3.274413043e+08,-1.058724518e+02
+3.274418478e+08,-8.525426483e+01
+3.274423913e+08,-1.056743393e+02
+3.274429348e+08,-1.063802185e+02
+3.274434783e+08,-1.055616531e+02
+3.274440217e+08,-1.064016876e+02
+3.274445652e+08,-1.067800293e+02
+3.274451087e+08,-1.060838242e+02
+3.274456522e+08,-1.064356232e+02
+3.274461957e+08,-1.035612106e+02
+3.274467391e+08,-1.040836105e+02
+3.274472826e+08,-1.061595154e+02
+3.274478261e+08,-1.064111710e+02
+3.274483696e+08,-1.062124481e+02
+3.274489130e+08,-1.051431503e+02
+3.274494565e+08,-1.054296799e+02
+3.274500000e+08,-1.058267212e+02
+3.274505435e+08,-1.044810333e+02
+3.274510870e+08,-1.030431290e+02
+3.274516304e+08,-1.038635941e+02
+3.274521739e+08,-1.047992020e+02
+3.274527174e+08,-1.021821518e+02
+3.274532609e+08,-1.052845688e+02
+3.274538043e+08,-1.043942184e+02
+3.274543478e+08,-1.053500748e+02
+3.274548913e+08,-1.053731155e+02
+3.274554348e+08,-9.668898773e+01
+3.274559783e+08,-1.054323654e+02
+3.274565217e+08,-1.064480820e+02
+3.274570652e+08,-1.059517288e+02
+3.274576087e+08,-1.067638016e+02
+3.274581522e+08,-1.053170090e+02
+3.274586957e+08,-1.061940842e+02
+3.274592391e+08,-1.057400742e+02
+3.274597826e+08,-1.052980576e+02
+3.274603261e+08,-1.043855820e+02
+3.274608696e+08,-1.057054214e+02
+3.274614130e+08,-1.041966324e+02
+3.274619565e+08,-1.046002274e+02
+3.274625000e+08,-1.058661880e+02
+3.274630435e+08,-1.063858109e+02
+3.274635870e+08,-1.061192856e+02
+3.274641304e+08,-1.032993546e+02
+3.274646739e+08,-1.044961166e+02
+3.274652174e+08,-1.070784988e+02
+3.274657609e+08,-1.060163040e+02
+3.274663043e+08,-1.050621262e+02
+3.274668478e+08,-1.061637497e+02
+3.274673913e+08,-1.061317978e+02
+3.274679348e+08,-1.054786606e+02
+3.274684783e+08,-1.052088699e+02
+3.274690217e+08,-1.080166550e+02
+3.274695652e+08,-1.040822830e+02
+3.274701087e+08,-1.050134811e+02
+3.274706522e+08,-1.061482620e+02
+3.274711957e+08,-1.070685349e+02
+3.274717391e+08,-1.056114120e+02
+3.274722826e+08,-1.023256149e+02
+3.274728261e+08,-1.059780807e+02
+3.274733696e+08,-1.062703171e+02
+3.274739130e+08,-1.033655777e+02
+3.274744565e+08,-1.069802780e+02
+3.274750000e+08,-1.053603897e+02
+3.274755435e+08,-1.071044693e+02
+3.274760870e+08,-1.039312668e+02
+3.274766304e+08,-1.049055252e+02
+3.274771739e+08,-1.056175308e+02
+3.274777174e+08,-1.054774399e+02
+3.274782609e+08,-1.048574753e+02
+3.274788043e+08,-1.052857437e+02
+3.274793478e+08,-1.056972122e+02
+3.274798913e+08,-1.047900620e+02
+3.274804348e+08,-1.049758530e+02
+3.274809783e+08,-1.081615677e+02
+3.274815217e+08,-1.048707809e+02
+3.274820652e+08,-1.058291397e+02
+3.274826087e+08,-1.059474716e+02
+3.274831522e+08,-1.059884567e+02
+3.274836957e+08,-1.052062149e+02
+3.274842391e+08,-1.071399155e+02
+3.274847826e+08,-1.054671249e+02
+3.274853261e+08,-1.067259598e+02
+3.274858696e+08,-1.060781937e+02
+3.274864130e+08,-1.071653976e+02
+3.274869565e+08,-1.057691116e+02
+3.274875000e+08,-1.049660873e+02
+3.274880435e+08,-1.049113998e+02
+3.274885870e+08,-1.049005508e+02
+3.274891304e+08,-1.060585556e+02
+3.274896739e+08,-1.063797836e+02
+3.274902174e+08,-1.068092651e+02
+3.274907609e+08,-1.049848099e+02
+3.274913043e+08,-1.061698227e+02
+3.274918478e+08,-1.059076385e+02
+3.274923913e+08,-1.044549332e+02
+3.274929348e+08,-1.063417969e+02
+3.274934783e+08,-1.065189896e+02
+3.274940217e+08,-1.068784790e+02
+3.274945652e+08,-1.050801239e+02
+3.274951087e+08,-1.038365250e+02
+3.274956522e+08,-1.066757965e+02
+3.274961957e+08,-1.069307327e+02
+3.274967391e+08,-1.057029190e+02
+3.274972826e+08,-1.046177673e+02
+3.274978261e+08,-1.067995911e+02
+3.274983696e+08,-1.070928650e+02
+3.274989130e+08,-1.027708893e+02
+3.274994565e+08,-1.057780838e+02
+3.275000000e+08,-1.064629898e+02
+3.275005435e+08,-1.050102692e+02
+3.275010870e+08,-1.061345673e+02
+3.275016304e+08,-1.041074448e+02
+3.275021739e+08,-1.066895142e+02
+3.275027174e+08,-1.007030106e+02
+3.275032609e+08,-1.053632278e+02
+3.275038043e+08,-1.051747284e+02
+3.275043478e+08,-1.059358063e+02
+3.275048913e+08,-1.049236069e+02
+3.275054348e+08,-1.063370743e+02
+3.275059783e+08,-1.059673080e+02
+3.275065217e+08,-1.038161240e+02
+3.275070652e+08,-1.055507507e+02
+3.275076087e+08,-1.056921310e+02
+3.275081522e+08,-1.057103271e+02
+3.275086957e+08,-1.051643906e+02
+3.275092391e+08,-1.052939377e+02
+3.275097826e+08,-1.049529572e+02
+3.275103261e+08,-1.051972427e+02
+3.275108696e+08,-1.055643234e+02
+3.275114130e+08,-1.048472900e+02
+3.275119565e+08,-1.061256790e+02
+3.275125000e+08,-1.049889908e+02
+3.275130435e+08,-1.059848328e+02
+3.275135870e+08,-1.051264725e+02
+3.275141304e+08,-1.050493088e+02
+3.275146739e+08,-1.067818298e+02
+3.275152174e+08,-1.051410065e+02
+3.275157609e+08,-1.060607529e+02
+3.275163043e+08,-1.062471237e+02
+3.275168478e+08,-1.029102783e+02
+3.275173913e+08,-1.044939880e+02
+3.275179348e+08,-1.066711426e+02
+3.275184783e+08,-1.057465439e+02
+3.275190217e+08,-1.048525925e+02
+3.275195652e+08,-1.070056992e+02
+3.275201087e+08,-1.062732315e+02
+3.275206522e+08,-1.060861282e+02
+3.275211957e+08,-1.046403885e+02
+3.275217391e+08,-1.071522217e+02
+3.275222826e+08,-1.060723877e+02
+3.275228261e+08,-1.061521683e+02
+3.275233696e+08,-1.063025742e+02
+3.275239130e+08,-1.066957779e+02
+3.275244565e+08,-1.042847214e+02
+3.275250000e+08,-1.058790512e+02

