+3.272750000e+08,-1.051662140e+02
+3.272755435e+08,-1.031512909e+02
+3.272760870e+08,-1.044423828e+02
+3.272766304e+08,-1.060556030e+02
+3.272771739e+08,-1.055656586e+02
+3.272777174e+08,-1.050902252e+02
+3.272782609e+08,-1.060072021e+02
+3.272788043e+08,-1.057277222e+02
+3.272793478e+08,-1.049437561e+02
+3.272798913e+08,-1.043538818e+02
+3.272804348e+08,-1.043042908e+02
+3.272809783e+08,-1.049005280e+02
+3.272815217e+08,-1.049607697e+02
+3.272820652e+08,-1.058041687e+02
+3.272826087e+08,-1.050021515e+02
+3.272831522e+08,-1.044029846e+02
+3.272836957e+08,-1.065452423e+02
+3.272842391e+08,-1.052446594e+02
+3.272847826e+08,-1.041997375e+02
+3.272853261e+08,-1.049964600e+02
+3.272858696e+08,-1.056085663e+02
+3.272864130e+08,-1.049615936e+02
+3.272869565e+08,-1.052964935e+02
+3.272875000e+08,-1.044375458e+02
+3.272880435e+08,-1.040942993e+02
+3.272885870e+08,-1.046520844e+02
+3.272891304e+08,-1.060368042e+02
+3.272896739e+08,-1.048922577e+02
+3.272902174e+08,-1.053600922e+02
+3.272907609e+08,-1.047189636e+02
+3.272913043e+08,-1.054604034e+02
+3.272918478e+08,-1.042779388e+02
+3.272923913e+08,-1.050951233e+02
+3.272929348e+08,-1.054076538e+02
+3.272934783e+08,-1.044356842e+02
+3.272940217e+08,-1.016802826e+02
+3.272945652e+08,-1.040246277e+02
+3.272951087e+08,-1.044580536e+02
+3.272956522e+08,-1.052044678e+02
+3.272961957e+08,-1.040088501e+02
+3.272967391e+08,-1.054671783e+02
+3.272972826e+08,-1.048094177e+02
+3.272978261e+08,-1.052609711e+02
+3.272983696e+08,-1.063241119e+02
+3.272989130e+08,-1.061009216e+02
+3.272994565e+08,-1.057552643e+02
+3.273000000e+08,-1.041891632e+02
+3.273005435e+08,-1.041765137e+02
+3.273010870e+08,-1.045475769e+02
+3.273016304e+08,-1.042462158e+02
+3.273021739e+08,-1.050283661e+02
+3.273027174e+08,-1.062685089e+02
+3.273032609e+08,-1.060452728e+02
+3.273038043e+08,-1.036273346e+02
+3.273043478e+08,-1.044304352e+02
+3.273048913e+08,-1.034230499e+02
+3.273054348e+08,-1.056757965e+02
+3.273059783e+08,-1.051194458e+02
+3.273065217e+08,-1.068293152e+02
+3.273070652e+08,-1.038063507e+02
+3.273076087e+08,-1.041542969e+02
+3.273081522e+08,-1.059628448e+02
+3.273086957e+08,-1.053715668e+02
+3.273092391e+08,-1.050827484e+02
+3.273097826e+08,-1.068296356e+02
+3.273103261e+08,-1.037985382e+02
+3.273108696e+08,-1.052395325e+02
+3.273114130e+08,-1.050785980e+02
+3.273119565e+08,-1.057198792e+02
+3.273125000e+08,-1.046099548e+02
+3.273130435e+08,-1.054128265e+02
+3.273135870e+08,-1.058411713e+02
+3.273141304e+08,-1.044277344e+02
+3.273146739e+08,-1.058009491e+02
+3.273152174e+08,-1.045296783e+02
+3.273157609e+08,-1.049911652e+02
+3.273163043e+08,-1.055515900e+02
+3.273168478e+08,-9.610728455e+01
+3.273173913e+08,-1.037810669e+02
+3.273179348e+08,-1.044635315e+02
+3.273184783e+08,-1.030061951e+02
+3.273190217e+08,-1.035188446e+02
+3.273195652e+08,-9.574827576e+01
+3.273201087e+08,-1.053738403e+02
+3.273206522e+08,-1.059877777e+02
+3.273211957e+08,-1.044663620e+02
+3.273217391e+08,-1.063749771e+02
+3.273222826e+08,-1.039519882e+02
+3.273228261e+08,-1.045196609e+02
+3.273233696e+08,-1.051921158e+02
+3.273239130e+08,-1.044797440e+02
+3.273244565e+08,-1.051267624e+02
+3.273250000e+08,-1.049414291e+02
+3.273255435e+08,-1.052190475e+02
+3.273260870e+08,-1.048520584e+02
+3.273266304e+08,-1.046165695e+02
+3.273271739e+08,-1.000581665e+02
+3.273277174e+08,-1.062402496e+02
+3.273282609e+08,-1.060268021e+02
+3.273288043e+08,-1.019570694e+02
+3.273293478e+08,-1.062990265e+02
+3.273298913e+08,-1.034219513e+02
+3.273304348e+08,-1.047438889e+02
+3.273309783e+08,-1.043626785e+02
+3.273315217e+08,-1.051711349e+02
+3.273320652e+08,-1.044118500e+02
+3.273326087e+08,-1.018732452e+02
+3.273331522e+08,-1.021259613e+02
+3.273336957e+08,-1.045132599e+02
+3.273342391e+08,-1.047756958e+02
+3.273347826e+08,-1.048957901e+02
+3.273353261e+08,-1.061449432e+02
+3.273358696e+08,-1.052295303e+02
+3.273364130e+08,-1.046096878e+02
+3.273369565e+08,-1.046260834e+02
+3.273375000e+08,-1.032613983e+02
+3.273380435e+08,-1.050004807e+02
+3.273385870e+08,-1.052412262e+02
+3.273391304e+08,-1.050390472e+02
+3.273396739e+08,-1.059174728e+02
+3.273402174e+08,-1.040446777e+02
+3.273407609e+08,-1.042297440e+02
+3.273413043e+08,-1.054006271e+02
+3.273418478e+08,-1.057139893e+02
+3.273423913e+08,-1.034953918e+02
+3.273429348e+08,-1.042421875e+02
+3.273434783e+08,-1.041616135e+02
+3.273440217e+08,-1.057937088e+02
+3.273445652e+08,-1.049629745e+02
+3.273451087e+08,-1.052648392e+02
+3.273456522e+08,-1.028969269e+02
+3.273461957e+08,-1.056146088e+02
+3.273467391e+08,-1.044306183e+02
+3.273472826e+08,-1.058865356e+02
+3.273478261e+08,-1.055343628e+02
+3.273483696e+08,-1.044240417e+02
+3.273489130e+08,-1.050303497e+02
+3.273494565e+08,-1.046042252e+02
+3.273500000e+08,-1.053702850e+02
+3.273505435e+08,-1.049585876e+02
+3.273510870e+08,-1.042561264e+02
+3.273516304e+08,-1.063556976e+02
+3.273521739e+08,-1.049575195e+02
+3.273527174e+08,-1.057613525e+02
+3.273532609e+08,-1.035540771e+02
+3.273538043e+08,-1.042158966e+02
+3.273543478e+08,-1.044696121e+02
+3.273548913e+08,-1.056403046e+02
+3.273554348e+08,-1.067182922e+02
+3.273559783e+08,-1.028647995e+02
+3.273565217e+08,-1.047950058e+02
+3.273570652e+08,-1.034376984e+02
+3.273576087e+08,-1.040800934e+02
+3.273581522e+08,-1.056229630e+02
+3.273586957e+08,-1.062715454e+02
+3.273592391e+08,-1.049452820e+02
+3.273597826e+08,-1.029540710e+02
+3.273603261e+08,-1.050022125e+02
+3.273608696e+08,-1.029964447e+02
+3.273614130e+08,-1.002171326e+02
+3.273619565e+08,-1.045018311e+02
+3.273625000e+08,-1.059292908e+02
+3.273630435e+08,-1.055088348e+02
+3.273635870e+08,-1.047607574e+02
+3.273641304e+08,-1.048973083e+02
+3.273646739e+08,-1.039412079e+02
+3.273652174e+08,-1.046763611e+02
+3.273657609e+08,-1.050709229e+02
+3.273663043e+08,-1.064031525e+02
+3.273668478e+08,-1.061925659e+02
+3.273673913e+08,-1.044489746e+02
+3.273679348e+08,-1.055261993e+02
+3.273684783e+08,-1.052907257e+02
+3.273690217e+08,-1.052732391e+02
+3.273695652e+08,-1.033685455e+02
+3.273701087e+08,-1.058746338e+02
+3.273706522e+08,-1.064550629e+02
+3.273711957e+08,-1.046946716e+02
+3.273717391e+08,-1.050949860e+02
+3.273722826e+08,-1.053771210e+02
+3.273728261e+08,-1.044481659e+02
+3.273733696e+08,-1.049115753e+02
+3.273739130e+08,-1.062563477e+02
+3.273744565e+08,-1.047479401e+02
+3.273750000e+08,-1.058807831e+02
+3.273755435e+08,-1.042008820e+02
+3.273760870e+08,-1.046387177e+02
+3.273766304e+08,-1.057815552e+02
+3.273771739e+08,-1.048488922e+02
+3.273777174e+08,-1.047913513e+02
+3.273782609e+08,-9.751158142e+01
+3.273788043e+08,-1.055506744e+02
+3.273793478e+08,-1.029847107e+02
+3.273798913e+08,-1.051853485e+02
+3.273804348e+08,-9.926438904e+01
+3.273809783e+08,-1.045588684e+02
+3.273815217e+08,-1.059254761e+02
+3.273820652e+08,-1.045089111e+02
+3.273826087e+08,-1.044710388e+02
+3.273831522e+08,-1.045027924e+02
+3.273836957e+08,-1.042385406e+02
+3.273842391e+08,-1.048157654e+02
+3.273847826e+08,-1.060332031e+02
+3.273853261e+08,-1.059856567e+02
+3.273858696e+08,-1.049627838e+02
+3.273864130e+08,-1.056457367e+02
+3.273869565e+08,-1.043420868e+02
+3.273875000e+08,-1.057219696e+02
+3.273880435e+08,-1.006958618e+02
+3.273885870e+08,-1.027403870e+02
+3.273891304e+08,-1.053661041e+02
+3.273896739e+08,-1.037565460e+02
+3.273902174e+08,-1.045331268e+02
+3.273907609e+08,-1.047100677e+02
+3.273913043e+08,-1.045861053e+02
+3.273918478e+08,-1.056922302e+02
+3.273923913e+08,-1.043968582e+02
+3.273929348e+08,-1.048692780e+02
+3.273934783e+08,-1.035463638e+02
+3.273940217e+08,-1.044934921e+02
+3.273945652e+08,-1.056424332e+02
+3.273951087e+08,-1.047733231e+02
+3.273956522e+08,-1.054939728e+02
+3.273961957e+08,-1.045516663e+02
+3.273967391e+08,-1.039547882e+02
+3.273972826e+08,-1.017454605e+02
+3.273978261e+08,-1.056252670e+02
+3.273983696e+08,-1.060272141e+02
+3.273989130e+08,-1.055052795e+02
+3.273994565e+08,-1.060932007e+02
+3.274000000e+08,-1.054624176e+02
+3.274005435e+08,-1.029085007e+02
+3.274010870e+08,-1.031000977e+02
+3.274016304e+08,-1.047086792e+02
+3.274021739e+08,-9.910386658e+01
+3.274027174e+08,-1.043654861e+02
+3.274032609e+08,-1.052076797e+02
+3.274038043e+08,-1.059782639e+02
+3.274043478e+08,-1.058137741e+02
+3.274048913e+08,-1.059614258e+02
+3.274054348e+08,-1.054006119e+02
+3.274059783e+08,-1.050295334e+02
+3.274065217e+08,-1.044589157e+02
+3.274070652e+08,-1.057775269e+02
+3.274076087e+08,-1.041755905e+02
+3.274081522e+08,-1.056184235e+02
+3.274086957e+08,-9.404407501e+01
+3.274092391e+08,-1.036246338e+02
+3.274097826e+08,-1.039171448e+02
+3.274103261e+08,-1.038520508e+02
+3.274108696e+08,-9.559201050e+01
+3.274114130e+08,-1.058381729e+02
+3.274119565e+08,-1.048900604e+02
+3.274125000e+08,-1.051967392e+02
+3.274130435e+08,-1.050944366e+02
+3.274135870e+08,-1.058051605e+02
+3.274141304e+08,-1.042495651e+02
+3.274146739e+08,-1.057977448e+02
+3.274152174e+08,-1.056078491e+02
+3.274157609e+08,-1.052530670e+02
+3.274163043e+08,-1.039332886e+02
+3.274168478e+08,-1.059598389e+02
+3.274173913e+08,-1.045636978e+02
+3.274179348e+08,-1.052391052e+02
+3.274184783e+08,-1.029076385e+02
+3.274190217e+08,-1.037572174e+02
+3.274195652e+08,-1.040429001e+02
+3.274201087e+08,-1.018048401e+02
+3.274206522e+08,-1.053557587e+02
+3.274211957e+08,-1.037024307e+02
+3.274217391e+08,-1.045725327e+02
+3.274222826e+08,-1.044769592e+02
+3.274228261e+08,-1.043410187e+02
+3.274233696e+08,-1.071102066e+02
+3.274239130e+08,-1.057044601e+02
+3.274244565e+08,-1.020492783e+02
+3.274250000e+08,-1.052030640e+02
+3.274255435e+08,-1.047070236e+02
+3.274260870e+08,-1.054500351e+02
+3.274266304e+08,-1.057911453e+02
+3.274271739e+08,-1.051982422e+02
+3.274277174e+08,-1.035344238e+02
+3.274282609e+08,-1.042189178e+02
+3.274288043e+08,-1.037459183e+02
+3.274293478e+08,-1.029844208e+02
+3.274298913e+08,-1.055354767e+02
+3.274304348e+08,-1.043041916e+02
+3.274309783e+08,-1.038576431e+02
+3.274315217e+08,-1.045491104e+02
+3.274320652e+08,-1.068368683e+02
+3.274326087e+08,-1.053860245e+02
+3.274331522e+08,-1.041313629e+02
+3.274336957e+08,-1.055215912e+02
+3.274342391e+08,-1.069836884e+02
+3.274347826e+08,-1.051828918e+02
+3.274353261e+08,-1.020928955e+02
+3.274358696e+08,-1.036207275e+02
+3.274364130e+08,-1.025503235e+02
+3.274369565e+08,-1.050878220e+02
+3.274375000e+08,-1.053362122e+02
+3.274380435e+08,-1.053795395e+02
+3.274385870e+08,-1.053150635e+02
+3.274391304e+08,-8.966233826e+01
+3.274396739e+08,-1.055421371e+02
+3.274402174e+08,-1.034570160e+02
+3.274407609e+08,-1.047488861e+02
+3.274413043e+08,-9.377116394e+01
+3.274418478e+08,-1.059895935e+02
+3.274423913e+08,-1.045076141e+02
+3.274429348e+08,-1.038973694e+02
+3.274434783e+08,-1.062187271e+02
+3.274440217e+08,-1.051941147e+02
+3.274445652e+08,-1.041948318e+02
+3.274451087e+08,-9.990570068e+01
+3.274456522e+08,-1.052422333e+02
+3.274461957e+08,-1.052403259e+02
+3.274467391e+08,-1.046124802e+02
+3.274472826e+08,-1.059768143e+02
+3.274478261e+08,-1.042687149e+02
+3.274483696e+08,-1.064915085e+02
+3.274489130e+08,-9.396232605e+01
+3.274494565e+08,-1.009084091e+02
+3.274500000e+08,-1.044306564e+02
+3.274505435e+08,-1.032392883e+02
+3.274510870e+08,-1.008953323e+02
+3.274516304e+08,-1.053891068e+02
+3.274521739e+08,-1.060051041e+02
+3.274527174e+08,-1.033124084e+02
+3.274532609e+08,-1.055353012e+02
+3.274538043e+08,-1.065760880e+02
+3.274543478e+08,-1.053740921e+02
+3.274548913e+08,-1.056550827e+02
+3.274554348e+08,-9.708370209e+01
+3.274559783e+08,-1.054384689e+02
+3.274565217e+08,-1.038407745e+02
+3.274570652e+08,-1.052357712e+02
+3.274576087e+08,-1.055974579e+02
+3.274581522e+08,-1.053960571e+02
+3.274586957e+08,-1.056933365e+02
+3.274592391e+08,-1.044978104e+02
+3.274597826e+08,-1.050768738e+02
+3.274603261e+08,-1.044293747e+02
+3.274608696e+08,-1.061108780e+02
+3.274614130e+08,-1.036766129e+02
+3.274619565e+08,-1.056284714e+02
+3.274625000e+08,-1.029951782e+02
+3.274630435e+08,-1.041538391e+02
+3.274635870e+08,-1.062772369e+02
+3.274641304e+08,-1.053989944e+02
+3.274646739e+08,-1.038524017e+02
+3.274652174e+08,-1.030245056e+02
+3.274657609e+08,-1.056088715e+02
+3.274663043e+08,-1.051572952e+02
+3.274668478e+08,-1.042220917e+02
+3.274673913e+08,-1.050638046e+02
+3.274679348e+08,-1.049705658e+02
+3.274684783e+08,-1.063016510e+02
+3.274690217e+08,-1.047052383e+02
+3.274695652e+08,-1.022897415e+02
+3.274701087e+08,-1.066747284e+02
+3.274706522e+08,-1.051426086e+02
+3.274711957e+08,-1.063661804e+02
+3.274717391e+08,-1.056166992e+02
+3.274722826e+08,-1.052400131e+02
+3.274728261e+08,-1.068722992e+02
+3.274733696e+08,-1.050201340e+02
+3.274739130e+08,-1.048467407e+02
+3.274744565e+08,-1.066848068e+02
+3.274750000e+08,-1.059481888e+02
+3.274755435e+08,-1.059057922e+02
+3.274760870e+08,-1.057887039e+02
+3.274766304e+08,-1.049396286e+02
+3.274771739e+08,-1.052763367e+02
+3.274777174e+08,-1.041408081e+02
+3.274782609e+08,-1.058697433e+02
+3.274788043e+08,-1.049247971e+02
+3.274793478e+08,-1.047722626e+02
+3.274798913e+08,-1.043553162e+02
+3.274804348e+08,-1.062423706e+02
+3.274809783e+08,-1.046878204e+02
+3.274815217e+08,-1.045606537e+02
+3.274820652e+08,-1.056196823e+02
+3.274826087e+08,-1.057575989e+02
+3.274831522e+08,-1.060584412e+02
+3.274836957e+08,-1.033048248e+02
+3.274842391e+08,-1.040135422e+02
+3.274847826e+08,-1.056054153e+02
+3.274853261e+08,-1.062845459e+02
+3.274858696e+08,-1.055738297e+02
+3.274864130e+08,-1.063326721e+02
+3.274869565e+08,-1.051643372e+02
+3.274875000e+08,-1.050982361e+02
+3.274880435e+08,-1.045775146e+02
+3.274885870e+08,-1.058147049e+02
+3.274891304e+08,-1.046362228e+02
+3.274896739e+08,-1.062689590e+02
+3.274902174e+08,-1.053956680e+02
+3.274907609e+08,-1.056804352e+02
+3.274913043e+08,-1.043392105e+02
+3.274918478e+08,-1.051834259e+02
+3.274923913e+08,-1.052207108e+02
+3.274929348e+08,-1.054405670e+02
+3.274934783e+08,-1.015348434e+02
+3.274940217e+08,-1.061871414e+02
+3.274945652e+08,-1.050791931e+02
+3.274951087e+08,-1.042413406e+02
+3.274956522e+08,-1.058378525e+02
+3.274961957e+08,-1.067617874e+02
+3.274967391e+08,-1.049310150e+02
+3.274972826e+08,-1.050360870e+02
+3.274978261e+08,-1.064490280e+02
+3.274983696e+08,-1.047100220e+02
+3.274989130e+08,-1.047090988e+02
+3.274994565e+08,-1.052466278e+02
+3.275000000e+08,-1.059325104e+02
+3.275005435e+08,-1.022316513e+02
+3.275010870e+08,-9.705284882e+01
+3.275016304e+08,-1.064413910e+02
+3.275021739e+08,-1.050114441e+02
+3.275027174e+08,-1.027868271e+02
+3.275032609e+08,-1.050910797e+02
+3.275038043e+08,-1.046033936e+02
+3.275043478e+08,-1.059656296e+02
+3.275048913e+08,-1.059893188e+02
+3.275054348e+08,-1.066946335e+02
+3.275059783e+08,-1.057022629e+02
+3.275065217e+08,-1.044692078e+02
+3.275070652e+08,-1.048909454e+02
+3.275076087e+08,-1.051106033e+02
+3.275081522e+08,-1.042314453e+02
+3.275086957e+08,-1.046804199e+02
+3.275092391e+08,-1.068367233e+02
+3.275097826e+08,-1.047330322e+02
+3.275103261e+08,-1.058431854e+02
+3.275108696e+08,-1.053588028e+02
+3.275114130e+08,-1.049616776e+02
+3.275119565e+08,-1.063054428e+02
+3.275125000e+08,-1.063166046e+02
+3.275130435e+08,-1.053329391e+02
+3.275135870e+08,-1.054139175e+02
+3.275141304e+08,-1.047530594e+02
+3.275146739e+08,-1.051553192e+02
+3.275152174e+08,-1.046632767e+02
+3.275157609e+08,-1.043085251e+02
+3.275163043e+08,-1.050478745e+02
+3.275168478e+08,-1.051902084e+02
+3.275173913e+08,-1.048362274e+02
+3.275179348e+08,-1.050377655e+02
+3.275184783e+08,-1.037389297e+02
+3.275190217e+08,-1.050024719e+02
+3.275195652e+08,-1.057211151e+02
+3.275201087e+08,-1.048406448e+02
+3.275206522e+08,-1.056164932e+02
+3.275211957e+08,-1.060263062e+02
+3.275217391e+08,-1.048571701e+02
+3.275222826e+08,-1.047548904e+02
+3.275228261e+08,-1.064990921e+02
+3.275233696e+08,-1.040372772e+02
+3.275239130e+08,-1.054407043e+02
+3.275244565e+08,-1.061633453e+02
+3.275250000e+08,-1.043693924e+02

