+3.250000000e+08,-8.608446503e+01
+3.250086957e+08,-9.620870972e+01
+3.250173913e+08,-9.719551086e+01
+3.250260870e+08,-9.643196106e+01
+3.250347826e+08,-9.690921783e+01
+3.250434783e+08,-9.693332672e+01
+3.250521739e+08,-9.758534241e+01
+3.250608696e+08,-9.362797546e+01
+3.250695652e+08,-9.666641235e+01
+3.250782609e+08,-9.661797333e+01
+3.250869565e+08,-9.489986420e+01
+3.250956522e+08,-9.679379272e+01
+3.251043478e+08,-9.713184357e+01
+3.251130435e+08,-9.701832581e+01
+3.251217391e+08,-9.460155487e+01
+3.251304348e+08,-9.495821381e+01
+3.251391304e+08,-9.662403107e+01
+3.251478261e+08,-9.778125763e+01
+3.251565217e+08,-9.745743561e+01
+3.251652174e+08,-9.605278778e+01
+3.251739130e+08,-9.697379303e+01
+3.251826087e+08,-9.111552429e+01
+3.251913043e+08,-9.584285736e+01
+3.252000000e+08,-9.616678619e+01
+3.252086957e+08,-9.577362061e+01
+3.252173913e+08,-9.760385895e+01
+3.252260870e+08,-9.779200745e+01
+3.252347826e+08,-9.701011658e+01
+3.252434783e+08,-9.693711090e+01
+3.252521739e+08,-9.616872406e+01
+3.252608696e+08,-9.767495728e+01
+3.252695652e+08,-9.600003052e+01
+3.252782609e+08,-9.672486877e+01
+3.252869565e+08,-9.609014893e+01
+3.252956522e+08,-9.704090881e+01
+3.253043478e+08,-9.531853485e+01
+3.253130435e+08,-9.704138947e+01
+3.253217391e+08,-9.708208466e+01
+3.253304348e+08,-9.705527496e+01
+3.253391304e+08,-9.500618744e+01
+3.253478261e+08,-9.611640167e+01
+3.253565217e+08,-9.752367401e+01
+3.253652174e+08,-9.068694305e+01
+3.253739130e+08,-9.633366394e+01
+3.253826087e+08,-9.774640656e+01
+3.253913043e+08,-9.747546387e+01
+3.254000000e+08,-9.558489990e+01
+3.254086957e+08,-9.529209900e+01
+3.254173913e+08,-9.766432190e+01
+3.254260870e+08,-9.733855438e+01
+3.254347826e+08,-9.737416840e+01
+3.254434783e+08,-9.699295807e+01
+3.254521739e+08,-9.688897705e+01
+3.254608696e+08,-9.663516235e+01
+3.254695652e+08,-9.573644257e+01
+3.254782609e+08,-9.696065521e+01
+3.254869565e+08,-9.608452606e+01
+3.254956522e+08,-9.425168610e+01
+3.255043478e+08,-9.816053009e+01
+3.255130435e+08,-9.660573578e+01
+3.255217391e+08,-9.095108795e+01
+3.255304348e+08,-9.534774017e+01
+3.255391304e+08,-9.779172516e+01
+3.255478261e+08,-9.680538940e+01
+3.255565217e+08,-9.625786591e+01
+3.255652174e+08,-9.766070557e+01
+3.255739130e+08,-9.686531067e+01
+3.255826087e+08,-9.697760773e+01
+3.255913043e+08,-9.744069672e+01
+3.256000000e+08,-9.711952972e+01
+3.256086957e+08,-9.701006317e+01
+3.256173913e+08,-9.699785614e+01
+3.256260870e+08,-8.652385712e+01
+3.256347826e+08,-9.391928101e+01
+3.256434783e+08,-9.527169800e+01
+3.256521739e+08,-8.563631439e+01
+3.256608696e+08,-9.754357910e+01
+3.256695652e+08,-9.719174957e+01
+3.256782609e+08,-9.401977539e+01
+3.256869565e+08,-9.664529419e+01
+3.256956522e+08,-9.766723633e+01
+3.257043478e+08,-9.645284271e+01
+3.257130435e+08,-9.718904114e+01
+3.257217391e+08,-9.734658051e+01
+3.257304348e+08,-9.597351074e+01
+3.257391304e+08,-9.662109375e+01
+3.257478261e+08,-9.758651733e+01
+3.257565217e+08,-9.745806122e+01
+3.257652174e+08,-9.482964325e+01
+3.257739130e+08,-9.353464508e+01
+3.257826087e+08,-9.612886047e+01
+3.257913043e+08,-9.732846069e+01
+3.258000000e+08,-9.712464905e+01
+3.258086957e+08,-9.217284393e+01
+3.258173913e+08,-9.685091400e+01
+3.258260870e+08,-9.655197906e+01
+3.258347826e+08,-9.638722229e+01
+3.258434783e+08,-9.604572296e+01
+3.258521739e+08,-9.629697418e+01
+3.258608696e+08,-9.676025391e+01
+3.258695652e+08,-9.671577454e+01
+3.258782609e+08,-9.643112183e+01
+3.258869565e+08,-9.656093597e+01
+3.258956522e+08,-9.644000244e+01
+3.259043478e+08,-9.759227753e+01
+3.259130435e+08,-9.575313568e+01
+3.259217391e+08,-9.604611969e+01
+3.259304348e+08,-9.697464752e+01
+3.259391304e+08,-9.661103821e+01
+3.259478261e+08,-8.899960327e+01
+3.259565217e+08,-9.300165558e+01
+3.259652174e+08,-9.696041107e+01
+3.259739130e+08,-9.709976196e+01
+3.259826087e+08,-9.769419861e+01
+3.259913043e+08,-9.687291718e+01
+3.260000000e+08,-9.079790497e+01
+3.260086957e+08,-9.483502197e+01
+3.260173913e+08,-9.790834808e+01
+3.260260870e+08,-9.735288239e+01
+3.260347826e+08,-9.692791748e+01
+3.260434783e+08,-9.695568085e+01
+3.260521739e+08,-9.751968384e+01
+3.260608696e+08,-9.641689301e+01
+3.260695652e+08,-9.378893280e+01
+3.260782609e+08,-9.697762299e+01
+3.260869565e+08,-9.690704346e+01
+3.260956522e+08,-9.675058746e+01
+3.261043478e+08,-9.697444916e+01
+3.261130435e+08,-9.763655853e+01
+3.261217391e+08,-9.463044739e+01
+3.261304348e+08,-9.779253387e+01
+3.261391304e+08,-9.659332275e+01
+3.261478261e+08,-9.701265717e+01
+3.261565217e+08,-9.663980103e+01
+3.261652174e+08,-9.688847351e+01
+3.261739130e+08,-9.624294281e+01
+3.261826087e+08,-9.734102631e+01
+3.261913043e+08,-9.754688263e+01
+3.262000000e+08,-9.703533936e+01
+3.262086957e+08,-9.706704712e+01
+3.262173913e+08,-9.756804657e+01
+3.262260870e+08,-9.371706390e+01
+3.262347826e+08,-9.337469482e+01
+3.262434783e+08,-9.588842773e+01
+3.262521739e+08,-9.624072266e+01
+3.262608696e+08,-9.741488647e+01
+3.262695652e+08,-9.740687561e+01
+3.262782609e+08,-9.682100677e+01
+3.262869565e+08,-9.768872833e+01
+3.262956522e+08,-9.697141266e+01
+3.263043478e+08,-8.881566620e+01
+3.263130435e+08,-9.723082733e+01
+3.263217391e+08,-9.718412018e+01
+3.263304348e+08,-9.692055511e+01
+3.263391304e+08,-9.683078003e+01
+3.263478261e+08,-9.654552460e+01
+3.263565217e+08,-9.733657074e+01
+3.263652174e+08,-9.690509033e+01
+3.263739130e+08,-9.683551788e+01
+3.263826087e+08,-9.698383331e+01
+3.263913043e+08,-9.688082123e+01
+3.264000000e+08,-9.569799042e+01
+3.264086957e+08,-9.686447906e+01
+3.264173913e+08,-9.669302368e+01
+3.264260870e+08,-9.653273773e+01
+3.264347826e+08,-9.612268829e+01
+3.264434783e+08,-9.691271210e+01
+3.264521739e+08,-9.767324829e+01
+3.264608696e+08,-9.657614899e+01
+3.264695652e+08,-9.708509064e+01
+3.264782609e+08,-9.788272858e+01
+3.264869565e+08,-9.812351227e+01
+3.264956522e+08,-9.659420013e+01
+3.265043478e+08,-9.376554108e+01
+3.265130435e+08,-9.800820160e+01
+3.265217391e+08,-9.265709686e+01
+3.265304348e+08,-9.479216003e+01
+3.265391304e+08,-9.118307495e+01
+3.265478261e+08,-9.762879944e+01
+3.265565217e+08,-9.445635986e+01
+3.265652174e+08,-9.548402405e+01
+3.265739130e+08,-9.755995178e+01
+3.265826087e+08,-8.669762421e+01
+3.265913043e+08,-9.582706451e+01
+3.266000000e+08,-9.403640747e+01
+3.266086957e+08,-9.720145416e+01
+3.266173913e+08,-9.733749390e+01
+3.266260870e+08,-9.700103760e+01
+3.266347826e+08,-9.694083405e+01
+3.266434783e+08,-9.683415985e+01
+3.266521739e+08,-9.618891144e+01
+3.266608696e+08,-9.736330414e+01
+3.266695652e+08,-9.690941620e+01
+3.266782609e+08,-9.286281586e+01
+3.266869565e+08,-9.767957306e+01
+3.266956522e+08,-9.748854828e+01
+3.267043478e+08,-9.658259583e+01
+3.267130435e+08,-9.720200348e+01
+3.267217391e+08,-9.644905090e+01
+3.267304348e+08,-9.687379456e+01
+3.267391304e+08,-9.723717499e+01
+3.267478261e+08,-9.652455902e+01
+3.267565217e+08,-9.699074554e+01
+3.267652174e+08,-9.661092377e+01
+3.267739130e+08,-9.687963867e+01
+3.267826087e+08,-9.675382233e+01
+3.267913043e+08,-9.697063446e+01
+3.268000000e+08,-9.709153748e+01
+3.268086957e+08,-9.741289520e+01
+3.268173913e+08,-9.635047150e+01
+3.268260870e+08,-9.648143768e+01
+3.268347826e+08,-9.728188324e+01
+3.268434783e+08,-9.642435455e+01
+3.268521739e+08,-9.705754852e+01
+3.268608696e+08,-9.723221588e+01
+3.268695652e+08,-9.578575897e+01
+3.268782609e+08,-9.646210480e+01
+3.268869565e+08,-9.704111481e+01
+3.268956522e+08,-9.611349487e+01
+3.269043478e+08,-9.693579102e+01
+3.269130435e+08,-9.726524353e+01
+3.269217391e+08,-9.646292114e+01
+3.269304348e+08,-9.713073730e+01
+3.269391304e+08,-9.720877838e+01
+3.269478261e+08,-9.709214783e+01
+3.269565217e+08,-9.661927795e+01
+3.269652174e+08,-9.664784241e+01
+3.269739130e+08,-9.690546417e+01
+3.269826087e+08,-9.735033417e+01
+3.269913043e+08,-9.701998138e+01
+3.270000000e+08,-9.744327545e+01
+3.270086957e+08,-9.667987823e+01
+3.270173913e+08,-9.759177399e+01
+3.270260870e+08,-9.632382965e+01
+3.270347826e+08,-9.752323151e+01
+3.270434783e+08,-9.597550201e+01
+3.270521739e+08,-9.683400726e+01
+3.270608696e+08,-9.749225616e+01
+3.270695652e+08,-9.637990570e+01
+3.270782609e+08,-9.743874359e+01
+3.270869565e+08,-9.776269531e+01
+3.270956522e+08,-9.592863464e+01
+3.271043478e+08,-9.467059326e+01
+3.271130435e+08,-9.751037598e+01
+3.271217391e+08,-9.532501221e+01
+3.271304348e+08,-9.685851288e+01
+3.271391304e+08,-9.410092163e+01
+3.271478261e+08,-9.770020294e+01
+3.271565217e+08,-9.729811096e+01
+3.271652174e+08,-9.685630798e+01
+3.271739130e+08,-9.539027405e+01
+3.271826087e+08,-9.748947144e+01
+3.271913043e+08,-9.712906647e+01
+3.272000000e+08,-8.657884979e+01
+3.272086957e+08,-9.038607025e+01
+3.272173913e+08,-9.667911530e+01
+3.272260870e+08,-9.695119476e+01
+3.272347826e+08,-9.538358307e+01
+3.272434783e+08,-9.728539276e+01
+3.272521739e+08,-9.770969391e+01
+3.272608696e+08,-9.577206421e+01
+3.272695652e+08,-9.733019257e+01
+3.272782609e+08,-9.725912476e+01
+3.272869565e+08,-9.692610931e+01
+3.272956522e+08,-9.698948669e+01
+3.273043478e+08,-9.613180542e+01
+3.273130435e+08,-9.629838562e+01
+3.273217391e+08,-9.748190308e+01
+3.273304348e+08,-9.667001343e+01
+3.273391304e+08,-9.548300171e+01
+3.273478261e+08,-9.676656342e+01
+3.273565217e+08,-9.600601959e+01
+3.273652174e+08,-9.761309814e+01
+3.273739130e+08,-9.709616852e+01
+3.273826087e+08,-9.679495239e+01
+3.273913043e+08,-9.606418610e+01
+3.274000000e+08,-9.456835938e+01
+3.274086957e+08,-9.592120361e+01
+3.274173913e+08,-9.608589935e+01
+3.274260870e+08,-9.646856689e+01
+3.274347826e+08,-9.717007446e+01
+3.274434783e+08,-9.309745026e+01
+3.274521739e+08,-9.294697571e+01
+3.274608696e+08,-9.755061340e+01
+3.274695652e+08,-9.710080719e+01
+3.274782609e+08,-9.761978912e+01
+3.274869565e+08,-9.738699341e+01
+3.274956522e+08,-9.745822144e+01
+3.275043478e+08,-9.689517212e+01
+3.275130435e+08,-9.746140289e+01
+3.275217391e+08,-9.753662109e+01
+3.275304348e+08,-9.391703796e+01
+3.275391304e+08,-9.543847656e+01
+3.275478261e+08,-9.544406128e+01
+3.275565217e+08,-9.747141266e+01
+3.275652174e+08,-9.665247345e+01
+3.275739130e+08,-9.665451813e+01
+3.275826087e+08,-9.700328064e+01
+3.275913043e+08,-9.602983093e+01
+3.276000000e+08,-9.739118195e+01
+3.276086957e+08,-9.696851349e+01
+3.276173913e+08,-9.715464783e+01
+3.276260870e+08,-9.665138245e+01
+3.276347826e+08,-9.681549835e+01
+3.276434783e+08,-9.693084717e+01
+3.276521739e+08,-9.695424652e+01
+3.276608696e+08,-9.742603302e+01
+3.276695652e+08,-9.752645111e+01
+3.276782609e+08,-9.685414124e+01
+3.276869565e+08,-9.416241455e+01
+3.276956522e+08,-9.534071350e+01
+3.277043478e+08,-9.723593140e+01
+3.277130435e+08,-9.623547363e+01
+3.277217391e+08,-9.733027649e+01
+3.277304348e+08,-9.733957672e+01
+3.277391304e+08,-9.597526550e+01
+3.277478261e+08,-9.693858337e+01
+3.277565217e+08,-9.589157867e+01
+3.277652174e+08,-9.672814178e+01
+3.277739130e+08,-9.685453033e+01
+3.277826087e+08,-9.671693420e+01
+3.277913043e+08,-9.711268616e+01
+3.278000000e+08,-9.748335266e+01
+3.278086957e+08,-9.542684174e+01
+3.278173913e+08,-9.560434723e+01
+3.278260870e+08,-9.692362213e+01
+3.278347826e+08,-9.751964569e+01
+3.278434783e+08,-9.636979675e+01
+3.278521739e+08,-9.766519928e+01
+3.278608696e+08,-9.606675720e+01
+3.278695652e+08,-9.364569855e+01
+3.278782609e+08,-9.624565887e+01
+3.278869565e+08,-9.712256622e+01
+3.278956522e+08,-9.685695648e+01
+3.279043478e+08,-9.661854553e+01
+3.279130435e+08,-9.720516205e+01
+3.279217391e+08,-9.613325500e+01
+3.279304348e+08,-9.642820740e+01
+3.279391304e+08,-9.675778961e+01
+3.279478261e+08,-9.692874908e+01
+3.279565217e+08,-9.678548431e+01
+3.279652174e+08,-9.389131165e+01
+3.279739130e+08,-9.262399292e+01
+3.279826087e+08,-9.682862091e+01
+3.279913043e+08,-9.266005707e+01
+3.280000000e+08,-9.319355011e+01
+3.280086957e+08,-9.474646759e+01
+3.280173913e+08,-9.185237885e+01
+3.280260870e+08,-9.183356476e+01
+3.280347826e+08,-9.602387238e+01
+3.280434783e+08,-9.683699799e+01
+3.280521739e+08,-9.767150879e+01
+3.280608696e+08,-9.729259491e+01
+3.280695652e+08,-9.803939056e+01
+3.280782609e+08,-9.700229645e+01
+3.280869565e+08,-9.777294159e+01
+3.280956522e+08,-9.658705902e+01
+3.281043478e+08,-9.734490967e+01
+3.281130435e+08,-8.928836823e+01
+3.281217391e+08,-9.675276184e+01
+3.281304348e+08,-9.346022034e+01
+3.281391304e+08,-9.712845612e+01
+3.281478261e+08,-9.599043274e+01
+3.281565217e+08,-9.717408752e+01
+3.281652174e+08,-9.662364960e+01
+3.281739130e+08,-9.710128021e+01
+3.281826087e+08,-9.651354218e+01
+3.281913043e+08,-9.727185822e+01
+3.282000000e+08,-9.680771637e+01
+3.282086957e+08,-9.560347748e+01
+3.282173913e+08,-9.750139618e+01
+3.282260870e+08,-9.631233978e+01
+3.282347826e+08,-9.688533783e+01
+3.282434783e+08,-9.615196991e+01
+3.282521739e+08,-9.710666656e+01
+3.282608696e+08,-9.757835388e+01
+3.282695652e+08,-9.509477997e+01
+3.282782609e+08,-9.394239807e+01
+3.282869565e+08,-9.662184143e+01
+3.282956522e+08,-9.692167664e+01
+3.283043478e+08,-9.706134796e+01
+3.283130435e+08,-9.708197021e+01
+3.283217391e+08,-9.673076630e+01
+3.283304348e+08,-9.737567902e+01
+3.283391304e+08,-9.745242310e+01
+3.283478261e+08,-9.616640472e+01
+3.283565217e+08,-9.678925323e+01
+3.283652174e+08,-9.563753510e+01
+3.283739130e+08,-9.647632599e+01
+3.283826087e+08,-9.719394684e+01
+3.283913043e+08,-9.723737335e+01
+3.284000000e+08,-9.731308746e+01
+3.284086957e+08,-9.621337891e+01
+3.284173913e+08,-9.666918182e+01
+3.284260870e+08,-9.618975067e+01
+3.284347826e+08,-9.711302185e+01
+3.284434783e+08,-9.689834595e+01
+3.284521739e+08,-9.321291351e+01
+3.284608696e+08,-9.737684631e+01
+3.284695652e+08,-9.714558411e+01
+3.284782609e+08,-9.714034271e+01
+3.284869565e+08,-9.663755035e+01
+3.284956522e+08,-9.686437225e+01
+3.285043478e+08,-9.676907349e+01
+3.285130435e+08,-9.658605194e+01
+3.285217391e+08,-9.739688110e+01
+3.285304348e+08,-9.596488190e+01
+3.285391304e+08,-9.720519257e+01
+3.285478261e+08,-9.668552399e+01
+3.285565217e+08,-9.664247894e+01
+3.285652174e+08,-9.685143280e+01
+3.285739130e+08,-9.457262421e+01
+3.285826087e+08,-9.642505646e+01
+3.285913043e+08,-9.727370453e+01
+3.286000000e+08,-9.330744934e+01
+3.286086957e+08,-9.602481079e+01
+3.286173913e+08,-9.662389374e+01
+3.286260870e+08,-9.745698547e+01
+3.286347826e+08,-9.710763550e+01
+3.286434783e+08,-9.657888031e+01
+3.286521739e+08,-9.630459595e+01
+3.286608696e+08,-9.665480804e+01
+3.286695652e+08,-9.684163666e+01
+3.286782609e+08,-9.742752075e+01
+3.286869565e+08,-9.737119293e+01
+3.286956522e+08,-9.676258850e+01
+3.287043478e+08,-9.651176453e+01
+3.287130435e+08,-9.624097443e+01
+3.287217391e+08,-9.670099640e+01
+3.287304348e+08,-9.725742340e+01
+3.287391304e+08,-9.697943878e+01
+3.287478261e+08,-9.682340240e+01
+3.287565217e+08,-9.683820343e+01
+3.287652174e+08,-9.527684784e+01
+3.287739130e+08,-9.588090515e+01
+3.287826087e+08,-9.650631714e+01
+3.287913043e+08,-9.634938049e+01
+3.288000000e+08,-9.768203735e+01
+3.288086957e+08,-9.625141144e+01
+3.288173913e+08,-9.164663696e+01
+3.288260870e+08,-9.706593323e+01
+3.288347826e+08,-9.599745178e+01
+3.288434783e+08,-9.232099915e+01
+3.288521739e+08,-9.642942810e+01
+3.288608696e+08,-9.647452545e+01
+3.288695652e+08,-9.556323242e+01
+3.288782609e+08,-9.338636017e+01
+3.288869565e+08,-9.692199707e+01
+3.288956522e+08,-9.619359589e+01
+3.289043478e+08,-9.668846893e+01
+3.289130435e+08,-9.733190155e+01
+3.289217391e+08,-9.711376190e+01
+3.289304348e+08,-9.739061737e+01
+3.289391304e+08,-9.661690521e+01
+3.289478261e+08,-9.733284760e+01
+3.289565217e+08,-9.748896790e+01
+3.289652174e+08,-9.717283630e+01
+3.289739130e+08,-9.729077911e+01
+3.289826087e+08,-9.679336548e+01
+3.289913043e+08,-9.705493164e+01
+3.290000000e+08,-9.736533356e+01

