+3.250000000e+08,-8.224272156e+01
+3.250086957e+08,-8.112694550e+01
+3.250173913e+08,-9.409548187e+01
+3.250260870e+08,-9.417359161e+01
+3.250347826e+08,-9.417989349e+01
+3.250434783e+08,-9.342298126e+01
+3.250521739e+08,-9.398665619e+01
+3.250608696e+08,-8.739806366e+01
+3.250695652e+08,-9.284098816e+01
+3.250782609e+08,-9.409585571e+01
+3.250869565e+08,-9.113815308e+01
+3.250956522e+08,-9.313796997e+01
+3.251043478e+08,-9.457794189e+01
+3.251130435e+08,-9.448928070e+01
+3.251217391e+08,-8.124836731e+01
+3.251304348e+08,-9.133905792e+01
+3.251391304e+08,-9.484603119e+01
+3.251478261e+08,-8.874813843e+01
+3.251565217e+08,-9.481169891e+01
+3.251652174e+08,-9.489421082e+01
+3.251739130e+08,-9.375118256e+01
+3.251826087e+08,-8.500277710e+01
+3.251913043e+08,-9.454957581e+01
+3.252000000e+08,-9.385771179e+01
+3.252086957e+08,-9.015850067e+01
+3.252173913e+08,-9.207909393e+01
+3.252260870e+08,-9.375348663e+01
+3.252347826e+08,-9.433335876e+01
+3.252434783e+08,-9.166956329e+01
+3.252521739e+08,-9.320031738e+01
+3.252608696e+08,-9.419576263e+01
+3.252695652e+08,-8.997520447e+01
+3.252782609e+08,-9.289662933e+01
+3.252869565e+08,-9.311822510e+01
+3.252956522e+08,-9.336744690e+01
+3.253043478e+08,-9.267224121e+01
+3.253130435e+08,-9.236751556e+01
+3.253217391e+08,-9.222171783e+01
+3.253304348e+08,-9.296987915e+01
+3.253391304e+08,-9.256895447e+01
+3.253478261e+08,-9.400694275e+01
+3.253565217e+08,-9.380152130e+01
+3.253652174e+08,-8.671678925e+01
+3.253739130e+08,-9.330921173e+01
+3.253826087e+08,-9.357839203e+01
+3.253913043e+08,-8.766310883e+01
+3.254000000e+08,-8.109832764e+01
+3.254086957e+08,-9.358036041e+01
+3.254173913e+08,-9.364105988e+01
+3.254260870e+08,-9.432122040e+01
+3.254347826e+08,-9.399953461e+01
+3.254434783e+08,-9.462899017e+01
+3.254521739e+08,-9.234125519e+01
+3.254608696e+08,-8.314137268e+01
+3.254695652e+08,-9.356302643e+01
+3.254782609e+08,-9.438373566e+01
+3.254869565e+08,-9.493463898e+01
+3.254956522e+08,-9.359366608e+01
+3.255043478e+08,-9.445525360e+01
+3.255130435e+08,-8.805200195e+01
+3.255217391e+08,-9.057515717e+01
+3.255304348e+08,-9.352913666e+01
+3.255391304e+08,-9.421573639e+01
+3.255478261e+08,-9.298484039e+01
+3.255565217e+08,-9.434682465e+01
+3.255652174e+08,-9.395566559e+01
+3.255739130e+08,-9.213059998e+01
+3.255826087e+08,-9.232058716e+01
+3.255913043e+08,-8.920174408e+01
+3.256000000e+08,-9.403759003e+01
+3.256086957e+08,-9.236849976e+01
+3.256173913e+08,-9.381220245e+01
+3.256260870e+08,-9.083675385e+01
+3.256347826e+08,-8.680961609e+01
+3.256434783e+08,-9.077716064e+01
+3.256521739e+08,-9.349280548e+01
+3.256608696e+08,-9.405976868e+01
+3.256695652e+08,-8.235442352e+01
+3.256782609e+08,-9.409020233e+01
+3.256869565e+08,-9.410750580e+01
+3.256956522e+08,-9.326583862e+01
+3.257043478e+08,-9.055236816e+01
+3.257130435e+08,-9.426656342e+01
+3.257217391e+08,-9.390419769e+01
+3.257304348e+08,-9.356365204e+01
+3.257391304e+08,-9.414185333e+01
+3.257478261e+08,-9.288697052e+01
+3.257565217e+08,-8.676941681e+01
+3.257652174e+08,-8.382999420e+01
+3.257739130e+08,-9.193289948e+01
+3.257826087e+08,-9.340904999e+01
+3.257913043e+08,-9.339101410e+01
+3.258000000e+08,-9.289627838e+01
+3.258086957e+08,-9.286000061e+01
+3.258173913e+08,-9.378089905e+01
+3.258260870e+08,-8.955256653e+01
+3.258347826e+08,-9.406086731e+01
+3.258434783e+08,-9.412493134e+01
+3.258521739e+08,-9.301380157e+01
+3.258608696e+08,-9.444869232e+01
+3.258695652e+08,-9.454962921e+01
+3.258782609e+08,-9.092870331e+01
+3.258869565e+08,-9.252384186e+01
+3.258956522e+08,-9.353212738e+01
+3.259043478e+08,-9.306989288e+01
+3.259130435e+08,-8.983492279e+01
+3.259217391e+08,-9.430866241e+01
+3.259304348e+08,-9.483621979e+01
+3.259391304e+08,-8.657230377e+01
+3.259478261e+08,-8.426632690e+01
+3.259565217e+08,-9.438349152e+01
+3.259652174e+08,-9.428081512e+01
+3.259739130e+08,-9.052211761e+01
+3.259826087e+08,-9.398571777e+01
+3.259913043e+08,-9.412537384e+01
+3.260000000e+08,-8.783528900e+01
+3.260086957e+08,-8.552699280e+01
+3.260173913e+08,-9.382804108e+01
+3.260260870e+08,-9.329389191e+01
+3.260347826e+08,-9.355767059e+01
+3.260434783e+08,-9.440820313e+01
+3.260521739e+08,-9.430959320e+01
+3.260608696e+08,-9.251470184e+01
+3.260695652e+08,-9.230455780e+01
+3.260782609e+08,-9.384094238e+01
+3.260869565e+08,-9.487673950e+01
+3.260956522e+08,-9.319393921e+01
+3.261043478e+08,-9.400450134e+01
+3.261130435e+08,-9.431156158e+01
+3.261217391e+08,-9.376711273e+01
+3.261304348e+08,-9.446411896e+01
+3.261391304e+08,-9.387660980e+01
+3.261478261e+08,-9.414882660e+01
+3.261565217e+08,-9.469873810e+01
+3.261652174e+08,-9.479841614e+01
+3.261739130e+08,-9.444747925e+01
+3.261826087e+08,-9.360570526e+01
+3.261913043e+08,-9.393695831e+01
+3.262000000e+08,-9.447136688e+01
+3.262086957e+08,-9.398715973e+01
+3.262173913e+08,-8.768997955e+01
+3.262260870e+08,-9.301039124e+01
+3.262347826e+08,-9.435452271e+01
+3.262434783e+08,-9.445393372e+01
+3.262521739e+08,-9.386474609e+01
+3.262608696e+08,-9.391815186e+01
+3.262695652e+08,-9.324420929e+01
+3.262782609e+08,-9.019599152e+01
+3.262869565e+08,-9.280622101e+01
+3.262956522e+08,-9.337758636e+01
+3.263043478e+08,-9.364900970e+01
+3.263130435e+08,-9.271006012e+01
+3.263217391e+08,-8.282037354e+01
+3.263304348e+08,-9.073484039e+01
+3.263391304e+08,-8.720516968e+01
+3.263478261e+08,-9.193662262e+01
+3.263565217e+08,-9.308347321e+01
+3.263652174e+08,-9.305506134e+01
+3.263739130e+08,-9.377902985e+01
+3.263826087e+08,-9.410924530e+01
+3.263913043e+08,-9.275911713e+01
+3.264000000e+08,-9.048636627e+01
+3.264086957e+08,-9.298540497e+01
+3.264173913e+08,-9.462348175e+01
+3.264260870e+08,-9.348310089e+01
+3.264347826e+08,-9.368975067e+01
+3.264434783e+08,-9.330109406e+01
+3.264521739e+08,-9.476323700e+01
+3.264608696e+08,-9.313499451e+01
+3.264695652e+08,-9.429849243e+01
+3.264782609e+08,-9.440161133e+01
+3.264869565e+08,-9.372512054e+01
+3.264956522e+08,-9.362508392e+01
+3.265043478e+08,-9.296054077e+01
+3.265130435e+08,-9.457835388e+01
+3.265217391e+08,-8.442523956e+01
+3.265304348e+08,-9.244473267e+01
+3.265391304e+08,-9.198589325e+01
+3.265478261e+08,-9.426629639e+01
+3.265565217e+08,-9.025495148e+01
+3.265652174e+08,-9.442758942e+01
+3.265739130e+08,-9.425018311e+01
+3.265826087e+08,-8.563798523e+01
+3.265913043e+08,-9.356978607e+01
+3.266000000e+08,-9.242036438e+01
+3.266086957e+08,-9.343050385e+01
+3.266173913e+08,-9.360510254e+01
+3.266260870e+08,-9.469657135e+01
+3.266347826e+08,-9.392819214e+01
+3.266434783e+08,-9.438038635e+01
+3.266521739e+08,-9.426911926e+01
+3.266608696e+08,-9.487052917e+01
+3.266695652e+08,-9.410918427e+01
+3.266782609e+08,-9.245697784e+01
+3.266869565e+08,-9.458511353e+01
+3.266956522e+08,-9.333550262e+01
+3.267043478e+08,-9.415025330e+01
+3.267130435e+08,-9.428680420e+01
+3.267217391e+08,-9.368323517e+01
+3.267304348e+08,-9.283868408e+01
+3.267391304e+08,-9.462176514e+01
+3.267478261e+08,-9.370710754e+01
+3.267565217e+08,-9.359404755e+01
+3.267652174e+08,-8.979450226e+01
+3.267739130e+08,-9.019116974e+01
+3.267826087e+08,-9.396353912e+01
+3.267913043e+08,-9.393399811e+01
+3.268000000e+08,-9.366230011e+01
+3.268086957e+08,-9.297220612e+01
+3.268173913e+08,-9.329743195e+01
+3.268260870e+08,-9.357228851e+01
+3.268347826e+08,-9.363957977e+01
+3.268434783e+08,-9.374117279e+01
+3.268521739e+08,-9.369525909e+01
+3.268608696e+08,-9.395024872e+01
+3.268695652e+08,-9.264290619e+01
+3.268782609e+08,-9.398509979e+01
+3.268869565e+08,-9.330794525e+01
+3.268956522e+08,-9.284162140e+01
+3.269043478e+08,-9.294591522e+01
+3.269130435e+08,-9.427896881e+01
+3.269217391e+08,-9.050086212e+01
+3.269304348e+08,-8.055731201e+01
+3.269391304e+08,-9.395298004e+01
+3.269478261e+08,-9.442852783e+01
+3.269565217e+08,-9.422504425e+01
+3.269652174e+08,-9.468731689e+01
+3.269739130e+08,-9.364862823e+01
+3.269826087e+08,-9.402656555e+01
+3.269913043e+08,-9.458142090e+01
+3.270000000e+08,-9.339630127e+01
+3.270086957e+08,-9.433596802e+01
+3.270173913e+08,-9.400433350e+01
+3.270260870e+08,-9.442047882e+01
+3.270347826e+08,-9.326584625e+01
+3.270434783e+08,-9.500624084e+01
+3.270521739e+08,-9.498232269e+01
+3.270608696e+08,-9.450178528e+01
+3.270695652e+08,-9.470729065e+01
+3.270782609e+08,-9.435778046e+01
+3.270869565e+08,-9.466636658e+01
+3.270956522e+08,-9.492372894e+01
+3.271043478e+08,-9.276361847e+01
+3.271130435e+08,-9.426467133e+01
+3.271217391e+08,-9.414484406e+01
+3.271304348e+08,-9.406726074e+01
+3.271391304e+08,-8.939850616e+01
+3.271478261e+08,-9.427536011e+01
+3.271565217e+08,-9.341932678e+01
+3.271652174e+08,-9.316266632e+01
+3.271739130e+08,-9.496648407e+01
+3.271826087e+08,-9.354942322e+01
+3.271913043e+08,-8.152161407e+01
+3.272000000e+08,-8.150017548e+01
+3.272086957e+08,-8.951686859e+01
+3.272173913e+08,-9.480178833e+01
+3.272260870e+08,-9.331864929e+01
+3.272347826e+08,-9.454704285e+01
+3.272434783e+08,-9.421178436e+01
+3.272521739e+08,-9.461995697e+01
+3.272608696e+08,-9.370993805e+01
+3.272695652e+08,-9.550185394e+01
+3.272782609e+08,-9.363202667e+01
+3.272869565e+08,-9.386933136e+01
+3.272956522e+08,-9.426792145e+01
+3.273043478e+08,-9.318511200e+01
+3.273130435e+08,-9.077684784e+01
+3.273217391e+08,-8.947006226e+01
+3.273304348e+08,-9.383888245e+01
+3.273391304e+08,-9.336241913e+01
+3.273478261e+08,-9.400388336e+01
+3.273565217e+08,-9.460539246e+01
+3.273652174e+08,-9.443396759e+01
+3.273739130e+08,-9.386404419e+01
+3.273826087e+08,-8.807779694e+01
+3.273913043e+08,-9.386478424e+01
+3.274000000e+08,-9.452439880e+01
+3.274086957e+08,-8.579769897e+01
+3.274173913e+08,-9.395996857e+01
+3.274260870e+08,-9.510800171e+01
+3.274347826e+08,-8.673809052e+01
+3.274434783e+08,-8.266896820e+01
+3.274521739e+08,-9.247333527e+01
+3.274608696e+08,-9.465954590e+01
+3.274695652e+08,-9.321794128e+01
+3.274782609e+08,-9.474131012e+01
+3.274869565e+08,-9.322191620e+01
+3.274956522e+08,-9.476729584e+01
+3.275043478e+08,-9.417002106e+01
+3.275130435e+08,-9.366955566e+01
+3.275217391e+08,-9.488264465e+01
+3.275304348e+08,-9.026284027e+01
+3.275391304e+08,-9.380575562e+01
+3.275478261e+08,-9.305310059e+01
+3.275565217e+08,-9.403553772e+01
+3.275652174e+08,-9.202249908e+01
+3.275739130e+08,-9.348207092e+01
+3.275826087e+08,-9.493827057e+01
+3.275913043e+08,-9.461215210e+01
+3.276000000e+08,-9.445690918e+01
+3.276086957e+08,-9.433657837e+01
+3.276173913e+08,-9.419845581e+01
+3.276260870e+08,-9.432678223e+01
+3.276347826e+08,-9.421265411e+01
+3.276434783e+08,-9.489685059e+01
+3.276521739e+08,-9.189322662e+01
+3.276608696e+08,-9.446308136e+01
+3.276695652e+08,-9.490520477e+01
+3.276782609e+08,-9.428849030e+01
+3.276869565e+08,-8.843399048e+01
+3.276956522e+08,-9.429662323e+01
+3.277043478e+08,-9.513486481e+01
+3.277130435e+08,-9.436136627e+01
+3.277217391e+08,-9.539054108e+01
+3.277304348e+08,-9.481667328e+01
+3.277391304e+08,-9.463554382e+01
+3.277478261e+08,-9.404668427e+01
+3.277565217e+08,-9.328954315e+01
+3.277652174e+08,-9.468621826e+01
+3.277739130e+08,-9.441928864e+01
+3.277826087e+08,-9.497028351e+01
+3.277913043e+08,-9.435218048e+01
+3.278000000e+08,-9.382510376e+01
+3.278086957e+08,-9.054496765e+01
+3.278173913e+08,-9.339580536e+01
+3.278260870e+08,-9.403310394e+01
+3.278347826e+08,-9.330307007e+01
+3.278434783e+08,-9.414785004e+01
+3.278521739e+08,-9.456151581e+01
+3.278608696e+08,-9.465101624e+01
+3.278695652e+08,-8.648764038e+01
+3.278782609e+08,-9.369532013e+01
+3.278869565e+08,-9.477795410e+01
+3.278956522e+08,-9.124253082e+01
+3.279043478e+08,-9.365091705e+01
+3.279130435e+08,-9.470747375e+01
+3.279217391e+08,-9.348067474e+01
+3.279304348e+08,-9.324024200e+01
+3.279391304e+08,-9.528521729e+01
+3.279478261e+08,-9.517947388e+01
+3.279565217e+08,-8.591506195e+01
+3.279652174e+08,-9.425695801e+01
+3.279739130e+08,-9.372971344e+01
+3.279826087e+08,-9.368519592e+01
+3.279913043e+08,-9.056402588e+01
+3.280000000e+08,-8.984385681e+01
+3.280086957e+08,-9.399942017e+01
+3.280173913e+08,-8.540241241e+01
+3.280260870e+08,-8.635919952e+01
+3.280347826e+08,-9.438618469e+01
+3.280434783e+08,-9.489906311e+01
+3.280521739e+08,-9.441556549e+01
+3.280608696e+08,-9.494265747e+01
+3.280695652e+08,-9.463820648e+01
+3.280782609e+08,-9.406823730e+01
+3.280869565e+08,-9.239340973e+01
+3.280956522e+08,-9.567779541e+01
+3.281043478e+08,-9.520464325e+01
+3.281130435e+08,-8.919969940e+01
+3.281217391e+08,-9.500518036e+01
+3.281304348e+08,-9.380588531e+01
+3.281391304e+08,-9.377066803e+01
+3.281478261e+08,-9.378759003e+01
+3.281565217e+08,-9.534098053e+01
+3.281652174e+08,-9.487637329e+01
+3.281739130e+08,-9.296688843e+01
+3.281826087e+08,-9.509332275e+01
+3.281913043e+08,-9.437751007e+01
+3.282000000e+08,-9.347179413e+01
+3.282086957e+08,-9.485249329e+01
+3.282173913e+08,-9.481220245e+01
+3.282260870e+08,-9.447991943e+01
+3.282347826e+08,-9.347148895e+01
+3.282434783e+08,-9.476835632e+01
+3.282521739e+08,-9.492940521e+01
+3.282608696e+08,-9.504423523e+01
+3.282695652e+08,-9.350640106e+01
+3.282782609e+08,-9.452966309e+01
+3.282869565e+08,-9.507942963e+01
+3.282956522e+08,-9.385338593e+01
+3.283043478e+08,-9.528726959e+01
+3.283130435e+08,-9.364012909e+01
+3.283217391e+08,-9.406322479e+01
+3.283304348e+08,-9.305201721e+01
+3.283391304e+08,-9.472893524e+01
+3.283478261e+08,-9.476031494e+01
+3.283565217e+08,-9.341706085e+01
+3.283652174e+08,-9.405413055e+01
+3.283739130e+08,-9.406725311e+01
+3.283826087e+08,-9.413239288e+01
+3.283913043e+08,-9.515141296e+01
+3.284000000e+08,-9.546604156e+01
+3.284086957e+08,-9.501997375e+01
+3.284173913e+08,-9.160836029e+01
+3.284260870e+08,-9.538930511e+01
+3.284347826e+08,-9.320034790e+01
+3.284434783e+08,-9.447920227e+01
+3.284521739e+08,-9.143418884e+01
+3.284608696e+08,-9.446915436e+01
+3.284695652e+08,-9.490290833e+01
+3.284782609e+08,-9.373831940e+01
+3.284869565e+08,-9.511788177e+01
+3.284956522e+08,-9.457126617e+01
+3.285043478e+08,-9.481566620e+01
+3.285130435e+08,-9.486991882e+01
+3.285217391e+08,-9.448813629e+01
+3.285304348e+08,-9.502523041e+01
+3.285391304e+08,-9.466822052e+01
+3.285478261e+08,-9.454732513e+01
+3.285565217e+08,-9.473494720e+01
+3.285652174e+08,-9.513227081e+01
+3.285739130e+08,-9.426573944e+01
+3.285826087e+08,-9.541654205e+01
+3.285913043e+08,-9.481220245e+01
+3.286000000e+08,-9.196952057e+01
+3.286086957e+08,-9.535007477e+01
+3.286173913e+08,-9.530561066e+01
+3.286260870e+08,-9.501009369e+01
+3.286347826e+08,-9.452236176e+01
+3.286434783e+08,-9.504817963e+01
+3.286521739e+08,-9.529810333e+01
+3.286608696e+08,-9.211873627e+01
+3.286695652e+08,-9.581526184e+01
+3.286782609e+08,-9.487699127e+01
+3.286869565e+08,-9.416822052e+01
+3.286956522e+08,-9.517140961e+01
+3.287043478e+08,-9.451945496e+01
+3.287130435e+08,-9.352316284e+01
+3.287217391e+08,-9.484123993e+01
+3.287304348e+08,-9.539410400e+01
+3.287391304e+08,-9.443192291e+01
+3.287478261e+08,-9.521507263e+01
+3.287565217e+08,-9.484613037e+01
+3.287652174e+08,-9.496996307e+01
+3.287739130e+08,-9.475256348e+01
+3.287826087e+08,-9.452629852e+01
+3.287913043e+08,-9.510057831e+01
+3.288000000e+08,-9.466412354e+01
+3.288086957e+08,-8.663994598e+01
+3.288173913e+08,-9.258978271e+01
+3.288260870e+08,-9.417774200e+01
+3.288347826e+08,-9.547815704e+01
+3.288434783e+08,-9.269105530e+01
+3.288521739e+08,-9.506028748e+01
+3.288608696e+08,-9.490712738e+01
+3.288695652e+08,-9.373680878e+01
+3.288782609e+08,-9.338648987e+01
+3.288869565e+08,-9.380397034e+01
+3.288956522e+08,-9.015594482e+01
+3.289043478e+08,-9.534745026e+01
+3.289130435e+08,-9.527126312e+01
+3.289217391e+08,-9.538682556e+01
+3.289304348e+08,-9.446471405e+01
+3.289391304e+08,-9.478617096e+01
+3.289478261e+08,-9.517732239e+01
+3.289565217e+08,-9.496277618e+01
+3.289652174e+08,-9.390988922e+01
+3.289739130e+08,-9.579773712e+01
+3.289826087e+08,-9.461931610e+01
+3.289913043e+08,-9.516101837e+01
+3.290000000e+08,-9.477501678e+01

