+1.000000000e+06,-7.711258698e+01
+3.171739130e+06,-7.555805206e+01
+5.343478261e+06,-7.502508545e+01
+7.515217391e+06,-8.133475494e+01
+9.686956522e+06,-7.916980743e+01
+1.185869565e+07,-7.598571777e+01
+1.403043478e+07,-7.724637604e+01
+1.620217391e+07,-7.503845215e+01
+1.837391304e+07,-7.126148987e+01
+2.054565217e+07,-6.357833099e+01
+2.271739130e+07,-7.798642731e+01
+2.488913043e+07,-7.860073090e+01
+2.706086957e+07,-7.578939819e+01
+2.923260870e+07,-8.311096191e+01
+3.140434783e+07,-8.192819214e+01
+3.357608696e+07,-7.897523499e+01
+3.574782609e+07,-8.255474854e+01
+3.791956522e+07,-7.926432037e+01
+4.009130435e+07,-7.850920868e+01
+4.226304348e+07,-8.430905914e+01
+4.443478261e+07,-8.106662750e+01
+4.660652174e+07,-8.303369904e+01
+4.877826087e+07,-8.949684906e+01
+5.095000000e+07,-8.504386139e+01
+5.312173913e+07,-8.401011658e+01
+5.529347826e+07,-8.163059235e+01
+5.746521739e+07,-8.302375031e+01
+5.963695652e+07,-8.049301910e+01
+6.180869565e+07,-8.496736908e+01
+6.398043478e+07,-8.679040527e+01
+6.615217391e+07,-8.910687256e+01
+6.832391304e+07,-9.054195404e+01
+7.049565217e+07,-9.284000397e+01
+7.266739130e+07,-8.688577271e+01
+7.483913043e+07,-9.357366180e+01
+7.701086957e+07,-9.453134918e+01
+7.918260870e+07,-9.210977936e+01
+8.135434783e+07,-8.678884125e+01
+8.352608696e+07,-8.537860870e+01
+8.569782609e+07,-8.738348389e+01
+8.786956522e+07,-8.967234039e+01
+9.004130435e+07,-9.273186493e+01
+9.221304348e+07,-6.454102325e+01
+9.438478261e+07,-7.311261749e+01
+9.655652174e+07,-8.270952606e+01
+9.872826087e+07,-8.271195984e+01
+1.009000000e+08,-9.381237793e+01
+1.030717391e+08,-9.031372833e+01
+1.052434783e+08,-1.013764877e+02
+1.074152174e+08,-9.435868073e+01
+1.095869565e+08,-9.187947083e+01
+1.117586957e+08,-9.195948792e+01
+1.139304348e+08,-9.300238037e+01
+1.161021739e+08,-9.909019470e+01
+1.182739130e+08,-9.456091309e+01
+1.204456522e+08,-9.317353058e+01
+1.226173913e+08,-8.976107788e+01
+1.247891304e+08,-9.738425446e+01
+1.269608696e+08,-1.044003601e+02
+1.291326087e+08,-1.031038666e+02
+1.313043478e+08,-1.038327560e+02
+1.334760870e+08,-8.854784393e+01
+1.356478261e+08,-1.009848557e+02
+1.378195652e+08,-9.749383545e+01
+1.399913043e+08,-9.285088348e+01
+1.421630435e+08,-9.239701843e+01
+1.443347826e+08,-8.958475494e+01
+1.465065217e+08,-1.026649933e+02
+1.486782609e+08,-9.496533966e+01
+1.508500000e+08,-9.948195648e+01
+1.530217391e+08,-1.010519791e+02
+1.551934783e+08,-1.038810425e+02
+1.573652174e+08,-1.023669662e+02
+1.595369565e+08,-1.029043045e+02
+1.617086957e+08,-1.028833313e+02
+1.638804348e+08,-1.035845490e+02
+1.660521739e+08,-1.033830261e+02
+1.682239130e+08,-8.302581787e+01
+1.703956522e+08,-1.037763290e+02
+1.725673913e+08,-1.039855804e+02
+1.747391304e+08,-1.037240677e+02
+1.769108696e+08,-1.024200211e+02
+1.790826087e+08,-1.044000778e+02
+1.812543478e+08,-1.036826935e+02
+1.834260870e+08,-1.022880325e+02
+1.855978261e+08,-1.044880905e+02
+1.877695652e+08,-1.032251816e+02
+1.899413043e+08,-9.990917969e+01
+1.921130435e+08,-9.883766937e+01
+1.942847826e+08,-1.037307281e+02
+1.964565217e+08,-1.030390625e+02
+1.986282609e+08,-1.046183395e+02
+2.008000000e+08,-9.296067810e+01
+2.029717391e+08,-1.039450607e+02
+2.051434783e+08,-1.027804337e+02
+2.073152174e+08,-1.033141708e+02
+2.094869565e+08,-1.035153580e+02
+2.116586957e+08,-1.032646790e+02
+2.138304348e+08,-1.045265427e+02
+2.160021739e+08,-9.662731171e+01
+2.181739130e+08,-1.033867950e+02
+2.203456522e+08,-1.026708298e+02
+2.225173913e+08,-1.034619522e+02
+2.246891304e+08,-1.018904800e+02
+2.268608696e+08,-1.027875061e+02
+2.290326087e+08,-1.036324234e+02
+2.312043478e+08,-1.040975800e+02
+2.333760870e+08,-9.675927734e+01
+2.355478261e+08,-1.027222900e+02
+2.377195652e+08,-1.023952408e+02
+2.398913043e+08,-9.464862823e+01
+2.420630435e+08,-1.014296341e+02
+2.442347826e+08,-9.773110962e+01
+2.464065217e+08,-1.034873276e+02
+2.485782609e+08,-1.020685272e+02
+2.507500000e+08,-9.426434326e+01
+2.529217391e+08,-1.002818680e+02
+2.550934783e+08,-1.013107147e+02
+2.572652174e+08,-1.019498520e+02
+2.594369565e+08,-9.935263062e+01
+2.616086957e+08,-1.015234909e+02
+2.637804348e+08,-1.020798035e+02
+2.659521739e+08,-9.820085144e+01
+2.681239130e+08,-1.002154922e+02
+2.702956522e+08,-1.007415085e+02
+2.724673913e+08,-1.028347855e+02
+2.746391304e+08,-1.038184509e+02
+2.768108696e+08,-1.040751190e+02
+2.789826087e+08,-1.039354477e+02
+2.811543478e+08,-1.029031906e+02
+2.833260870e+08,-1.027334747e+02
+2.854978261e+08,-1.035489273e+02
+2.876695652e+08,-1.041994705e+02
+2.898413043e+08,-1.025339508e+02
+2.920130435e+08,-1.018530045e+02
+2.941847826e+08,-1.035023727e+02
+2.963565217e+08,-1.029683228e+02
+2.985282609e+08,-1.030056763e+02
+3.007000000e+08,-9.826195526e+01
+3.028717391e+08,-9.653984070e+01
+3.050434783e+08,-1.023405914e+02
+3.072152174e+08,-1.030790329e+02
+3.093869565e+08,-1.030524597e+02
+3.115586957e+08,-1.010042343e+02
+3.137304348e+08,-1.032259064e+02
+3.159021739e+08,-1.030548935e+02
+3.180739130e+08,-1.033460999e+02
+3.202456522e+08,-1.036662216e+02
+3.224173913e+08,-1.022145462e+02
+3.245891304e+08,-1.033974838e+02
+3.267608696e+08,-1.026120224e+02
+3.289326087e+08,-1.028234406e+02
+3.311043478e+08,-1.038751907e+02
+3.332760870e+08,-1.038256149e+02
+3.354478261e+08,-9.808057404e+01
+3.376195652e+08,-1.036447906e+02
+3.397913043e+08,-1.029026794e+02
+3.419630435e+08,-1.024342270e+02
+3.441347826e+08,-1.029965668e+02
+3.463065217e+08,-1.033867264e+02
+3.484782609e+08,-1.045355835e+02
+3.506500000e+08,-1.025783539e+02
+3.528217391e+08,-1.020497742e+02
+3.549934783e+08,-1.025998764e+02
+3.571652174e+08,-1.030312576e+02
+3.593369565e+08,-9.467234039e+01
+3.615086957e+08,-1.017376785e+02
+3.636804348e+08,-1.031299362e+02
+3.658521739e+08,-8.235014343e+01
+3.680239130e+08,-1.033294525e+02
+3.701956522e+08,-1.033485031e+02
+3.723673913e+08,-9.575751495e+01
+3.745391304e+08,-1.036503296e+02
+3.767108696e+08,-9.724923706e+01
+3.788826087e+08,-9.772898865e+01
+3.810543478e+08,-1.008281097e+02
+3.832260870e+08,-9.388619232e+01
+3.853978261e+08,-9.964462280e+01
+3.875695652e+08,-9.671189880e+01
+3.897413043e+08,-1.018131332e+02
+3.919130435e+08,-1.019407883e+02
+3.940847826e+08,-1.009525070e+02
+3.962565217e+08,-1.022325668e+02
+3.984282609e+08,-9.962266541e+01
+4.006000000e+08,-1.023106384e+02
+4.027717391e+08,-1.026089859e+02
+4.049434783e+08,-1.029385986e+02
+4.071152174e+08,-9.391976166e+01
+4.092869565e+08,-1.041606216e+02
+4.114586957e+08,-1.026491928e+02
+4.136304348e+08,-1.035496216e+02
+4.158021739e+08,-1.034931641e+02
+4.179739130e+08,-1.037031631e+02
+4.201456522e+08,-1.034414291e+02
+4.223173913e+08,-1.022801819e+02
+4.244891304e+08,-1.032829208e+02
+4.266608696e+08,-1.035221634e+02
+4.288326087e+08,-1.029647217e+02
+4.310043478e+08,-9.626319122e+01
+4.331760870e+08,-9.780712128e+01
+4.353478261e+08,-1.034610138e+02
+4.375195652e+08,-1.037996445e+02
+4.396913043e+08,-1.029664307e+02
+4.418630435e+08,-9.211222076e+01
+4.440347826e+08,-1.038199615e+02
+4.462065217e+08,-1.039524536e+02
+4.483782609e+08,-1.040775223e+02
+4.505500000e+08,-1.033422775e+02
+4.527217391e+08,-1.042248306e+02
+4.548934783e+08,-1.038942032e+02
+4.570652174e+08,-1.040912781e+02
+4.592369565e+08,-1.038489609e+02
+4.614086957e+08,-8.798343658e+01
+4.635804348e+08,-9.078215027e+01
+4.657521739e+08,-9.167226410e+01
+4.679239130e+08,-1.033775101e+02
+4.700956522e+08,-1.044967880e+02
+4.722673913e+08,-1.042203369e+02
+4.744391304e+08,-1.034377365e+02
+4.766108696e+08,-1.042514267e+02
+4.787826087e+08,-1.006773682e+02
+4.809543478e+08,-1.035099716e+02
+4.831260870e+08,-1.033439941e+02
+4.852978261e+08,-1.036507492e+02
+4.874695652e+08,-1.043782806e+02
+4.896413043e+08,-1.038772583e+02
+4.918130435e+08,-1.044277725e+02
+4.939847826e+08,-1.033344955e+02
+4.961565217e+08,-1.042785873e+02
+4.983282609e+08,-1.049409714e+02
+5.005000000e+08,-1.002039108e+02
+5.026717391e+08,-1.044846573e+02
+5.048434783e+08,-1.044931564e+02
+5.070152174e+08,-1.040913162e+02
+5.091869565e+08,-1.049946671e+02
+5.113586957e+08,-1.037854004e+02
+5.135304348e+08,-1.040477600e+02
+5.157021739e+08,-1.039460144e+02
+5.178739130e+08,-1.047832031e+02
+5.200456522e+08,-1.039007187e+02
+5.222173913e+08,-1.049064865e+02
+5.243891304e+08,-1.036775894e+02
+5.265608696e+08,-1.048608704e+02
+5.287326087e+08,-1.032122574e+02
+5.309043478e+08,-1.034451599e+02
+5.330760870e+08,-1.033017044e+02
+5.352478261e+08,-1.040801468e+02
+5.374195652e+08,-1.043345642e+02
+5.395913043e+08,-1.043347015e+02
+5.417630435e+08,-1.048086319e+02
+5.439347826e+08,-1.053145218e+02
+5.461065217e+08,-1.047737350e+02
+5.482782609e+08,-1.047881012e+02
+5.504500000e+08,-9.344494629e+01
+5.526217391e+08,-9.316141510e+01
+5.547934783e+08,-9.351583862e+01
+5.569652174e+08,-9.449181366e+01
+5.591369565e+08,-1.040838318e+02
+5.613086957e+08,-1.045326767e+02
+5.634804348e+08,-1.030823822e+02
+5.656521739e+08,-1.054779129e+02
+5.678239130e+08,-1.043469925e+02
+5.699956522e+08,-1.052337341e+02
+5.721673913e+08,-1.043711624e+02
+5.743391304e+08,-1.033694839e+02
+5.765108696e+08,-1.048992081e+02
+5.786826087e+08,-1.047915726e+02
+5.808543478e+08,-1.050631180e+02
+5.830260870e+08,-1.021199417e+02
+5.851978261e+08,-1.041709976e+02
+5.873695652e+08,-1.046329269e+02
+5.895413043e+08,-1.048247604e+02
+5.917130435e+08,-1.048371201e+02
+5.938847826e+08,-1.040351410e+02
+5.960565217e+08,-1.038028564e+02
+5.982282609e+08,-9.751763153e+01
+6.004000000e+08,-9.719153595e+01
+6.025717391e+08,-9.731003571e+01
+6.047434783e+08,-9.613956451e+01
+6.069152174e+08,-1.045976181e+02
+6.090869565e+08,-1.039986267e+02
+6.112586957e+08,-1.053442154e+02
+6.134304348e+08,-9.906743622e+01
+6.156021739e+08,-9.716635895e+01
+6.177739130e+08,-9.896483612e+01
+6.199456522e+08,-9.972269440e+01
+6.221173913e+08,-1.026582108e+02
+6.242891304e+08,-1.051927109e+02
+6.264608696e+08,-1.043272629e+02
+6.286326087e+08,-1.045352097e+02
+6.308043478e+08,-1.041728439e+02
+6.329760870e+08,-1.046257477e+02
+6.351478261e+08,-1.040829315e+02
+6.373195652e+08,-1.048674393e+02
+6.394913043e+08,-1.043185043e+02
+6.416630435e+08,-1.051789169e+02
+6.438347826e+08,-1.049275818e+02
+6.460065217e+08,-1.040323563e+02
+6.481782609e+08,-1.049444809e+02
+6.503500000e+08,-1.046290894e+02
+6.525217391e+08,-1.044947891e+02
+6.546934783e+08,-1.048081970e+02
+6.568652174e+08,-1.040474854e+02
+6.590369565e+08,-1.053261642e+02
+6.612086957e+08,-1.050134048e+02
+6.633804348e+08,-1.039250870e+02
+6.655521739e+08,-1.045335007e+02
+6.677239130e+08,-1.049138565e+02
+6.698956522e+08,-1.054052200e+02
+6.720673913e+08,-1.047422409e+02
+6.742391304e+08,-1.045201187e+02
+6.764108696e+08,-1.052282028e+02
+6.785826087e+08,-1.048688049e+02
+6.807543478e+08,-1.050419693e+02
+6.829260870e+08,-1.041569290e+02
+6.850978261e+08,-1.043623276e+02
+6.872695652e+08,-1.044133224e+02
+6.894413043e+08,-1.039902573e+02
+6.916130435e+08,-1.032289047e+02
+6.937847826e+08,-1.047735901e+02
+6.959565217e+08,-1.029225540e+02
+6.981282609e+08,-1.050159073e+02
+7.003000000e+08,-1.019724808e+02
+7.024717391e+08,-1.043534927e+02
+7.046434783e+08,-1.040914230e+02
+7.068152174e+08,-1.047561493e+02
+7.089869565e+08,-1.056172562e+02
+7.111586957e+08,-1.045794373e+02
+7.133304348e+08,-1.046182404e+02
+7.155021739e+08,-1.047078476e+02
+7.176739130e+08,-1.048299408e+02
+7.198456522e+08,-1.051135330e+02
+7.220173913e+08,-1.048410568e+02
+7.241891304e+08,-1.029168854e+02
+7.263608696e+08,-1.054017715e+02
+7.285326087e+08,-1.051332626e+02
+7.307043478e+08,-1.056266479e+02
+7.328760870e+08,-1.036032257e+02
+7.350478261e+08,-1.046520615e+02
+7.372195652e+08,-1.047601318e+02
+7.393913043e+08,-1.039266281e+02
+7.415630435e+08,-1.043739777e+02
+7.437347826e+08,-1.056756363e+02
+7.459065217e+08,-1.052368393e+02
+7.480782609e+08,-1.041997070e+02
+7.502500000e+08,-1.051274643e+02
+7.524217391e+08,-1.041450272e+02
+7.545934783e+08,-1.046990128e+02
+7.567652174e+08,-1.052557602e+02
+7.589369565e+08,-1.037221451e+02
+7.611086957e+08,-1.044360046e+02
+7.632804348e+08,-1.040796280e+02
+7.654521739e+08,-1.027507782e+02
+7.676239130e+08,-1.037353592e+02
+7.697956522e+08,-1.045080795e+02
+7.719673913e+08,-1.042825546e+02
+7.741391304e+08,-1.046021194e+02
+7.763108696e+08,-1.040013504e+02
+7.784826087e+08,-1.043654099e+02
+7.806543478e+08,-1.044824905e+02
+7.828260870e+08,-1.038725815e+02
+7.849978261e+08,-1.042971725e+02
+7.871695652e+08,-1.033304672e+02
+7.893413043e+08,-1.046129608e+02
+7.915130435e+08,-1.048867188e+02
+7.936847826e+08,-1.047731171e+02
+7.958565217e+08,-1.029720306e+02
+7.980282609e+08,-1.033113251e+02
+8.002000000e+08,-1.044182968e+02
+8.023717391e+08,-1.027954025e+02
+8.045434783e+08,-1.044193726e+02
+8.067152174e+08,-1.045182571e+02
+8.088869565e+08,-1.041670609e+02
+8.110586957e+08,-1.026651077e+02
+8.132304348e+08,-1.036927261e+02
+8.154021739e+08,-1.035032043e+02
+8.175739130e+08,-1.041408920e+02
+8.197456522e+08,-1.037307358e+02
+8.219173913e+08,-1.038565369e+02
+8.240891304e+08,-1.043082657e+02
+8.262608696e+08,-1.037995834e+02
+8.284326087e+08,-1.044736252e+02
+8.306043478e+08,-1.037556305e+02
+8.327760870e+08,-1.041334763e+02
+8.349478261e+08,-1.033722382e+02
+8.371195652e+08,-1.029110107e+02
+8.392913043e+08,-1.018210526e+02
+8.414630435e+08,-1.034031143e+02
+8.436347826e+08,-1.011106415e+02
+8.458065217e+08,-1.030288696e+02
+8.479782609e+08,-1.044172592e+02
+8.501500000e+08,-1.030535202e+02
+8.523217391e+08,-1.039239502e+02
+8.544934783e+08,-1.036587296e+02
+8.566652174e+08,-1.034005508e+02
+8.588369565e+08,-1.034143906e+02
+8.610086957e+08,-1.035538025e+02
+8.631804348e+08,-1.029851761e+02
+8.653521739e+08,-1.038104401e+02
+8.675239130e+08,-1.032866135e+02
+8.696956522e+08,-1.044207611e+02
+8.718673913e+08,-9.476658630e+01
+8.740391304e+08,-9.667571259e+01
+8.762108696e+08,-1.043747025e+02
+8.783826087e+08,-1.027900162e+02
+8.805543478e+08,-1.043995438e+02
+8.827260870e+08,-1.019456329e+02
+8.848978261e+08,-1.039079666e+02
+8.870695652e+08,-1.035097961e+02
+8.892413043e+08,-1.040351563e+02
+8.914130435e+08,-1.029970398e+02
+8.935847826e+08,-1.038134460e+02
+8.957565217e+08,-1.041283188e+02
+8.979282609e+08,-1.034504471e+02
+9.001000000e+08,-1.038468323e+02
+9.022717391e+08,-1.021594162e+02
+9.044434783e+08,-1.037249298e+02
+9.066152174e+08,-1.027620163e+02
+9.087869565e+08,-1.039839020e+02
+9.109586957e+08,-1.025385971e+02
+9.131304348e+08,-1.034368134e+02
+9.153021739e+08,-1.032793961e+02
+9.174739130e+08,-1.028603668e+02
+9.196456522e+08,-1.018762512e+02
+9.218173913e+08,-1.036232147e+02
+9.239891304e+08,-1.033477097e+02
+9.261608696e+08,-9.019673920e+01
+9.283326087e+08,-9.126301575e+01
+9.305043478e+08,-1.033176651e+02
+9.326760870e+08,-9.739487457e+01
+9.348478261e+08,-7.507556152e+01
+9.370195652e+08,-7.578542328e+01
+9.391913043e+08,-9.314150238e+01
+9.413630435e+08,-9.288726807e+01
+9.435347826e+08,-7.358065796e+01
+9.457065217e+08,-7.341504669e+01
+9.478782609e+08,-8.660686493e+01
+9.500500000e+08,-8.873417664e+01
+9.522217391e+08,-1.032912140e+02
+9.543934783e+08,-9.610134125e+01
+9.565652174e+08,-9.971311951e+01
+9.587369565e+08,-9.904837036e+01
+9.609086957e+08,-1.029228821e+02
+9.630804348e+08,-1.024865723e+02
+9.652521739e+08,-1.027701263e+02
+9.674239130e+08,-1.031514587e+02
+9.695956522e+08,-1.016994476e+02
+9.717673913e+08,-1.033201904e+02
+9.739391304e+08,-1.025293503e+02
+9.761108696e+08,-1.033319168e+02
+9.782826087e+08,-1.036578293e+02
+9.804543478e+08,-1.027188873e+02
+9.826260870e+08,-1.031515579e+02
+9.847978261e+08,-1.033071289e+02
+9.869695652e+08,-1.028974304e+02
+9.891413043e+08,-1.034731140e+02
+9.913130435e+08,-1.040427780e+02
+9.934847826e+08,-1.033834839e+02
+9.956565217e+08,-1.034236908e+02
+9.978282609e+08,-1.025631790e+02
+1.000000000e+09,-1.021741257e+02

