+3.272750000e+08,-1.041758041e+02
+3.272755435e+08,-1.055962067e+02
+3.272760870e+08,-1.055597382e+02
+3.272766304e+08,-1.046860428e+02
+3.272771739e+08,-1.054299622e+02
+3.272777174e+08,-1.049011993e+02
+3.272782609e+08,-1.062660294e+02
+3.272788043e+08,-1.054914856e+02
+3.272793478e+08,-1.048711472e+02
+3.272798913e+08,-1.055452499e+02
+3.272804348e+08,-1.045462036e+02
+3.272809783e+08,-1.058087082e+02
+3.272815217e+08,-1.038617859e+02
+3.272820652e+08,-1.038707047e+02
+3.272826087e+08,-1.045484772e+02
+3.272831522e+08,-1.039212418e+02
+3.272836957e+08,-1.030138245e+02
+3.272842391e+08,-1.056932449e+02
+3.272847826e+08,-1.037791061e+02
+3.272853261e+08,-1.037884674e+02
+3.272858696e+08,-1.055793381e+02
+3.272864130e+08,-1.058096390e+02
+3.272869565e+08,-1.048769989e+02
+3.272875000e+08,-1.051516571e+02
+3.272880435e+08,-1.041222992e+02
+3.272885870e+08,-1.059735565e+02
+3.272891304e+08,-1.057144089e+02
+3.272896739e+08,-1.044259949e+02
+3.272902174e+08,-1.063605957e+02
+3.272907609e+08,-1.051160583e+02
+3.272913043e+08,-1.047328339e+02
+3.272918478e+08,-1.047902069e+02
+3.272923913e+08,-1.062459793e+02
+3.272929348e+08,-1.046107407e+02
+3.272934783e+08,-1.059518204e+02
+3.272940217e+08,-1.041814957e+02
+3.272945652e+08,-1.048220825e+02
+3.272951087e+08,-1.070304413e+02
+3.272956522e+08,-1.051706619e+02
+3.272961957e+08,-1.045239410e+02
+3.272967391e+08,-1.044032898e+02
+3.272972826e+08,-1.024527130e+02
+3.272978261e+08,-1.050799103e+02
+3.272983696e+08,-1.051695480e+02
+3.272989130e+08,-1.046302261e+02
+3.272994565e+08,-1.059736557e+02
+3.273000000e+08,-1.060830917e+02
+3.273005435e+08,-1.044969177e+02
+3.273010870e+08,-1.047585602e+02
+3.273016304e+08,-1.061627655e+02
+3.273021739e+08,-1.049127960e+02
+3.273027174e+08,-1.056805496e+02
+3.273032609e+08,-1.043005753e+02
+3.273038043e+08,-1.047865143e+02
+3.273043478e+08,-1.062837982e+02
+3.273048913e+08,-1.041847458e+02
+3.273054348e+08,-1.049270477e+02
+3.273059783e+08,-1.058571701e+02
+3.273065217e+08,-1.037924271e+02
+3.273070652e+08,-1.058579636e+02
+3.273076087e+08,-1.050114746e+02
+3.273081522e+08,-1.039092636e+02
+3.273086957e+08,-1.053587341e+02
+3.273092391e+08,-1.061566849e+02
+3.273097826e+08,-1.063337631e+02
+3.273103261e+08,-1.049535828e+02
+3.273108696e+08,-1.031929474e+02
+3.273114130e+08,-1.032168121e+02
+3.273119565e+08,-1.061467361e+02
+3.273125000e+08,-1.067276459e+02
+3.273130435e+08,-1.047148819e+02
+3.273135870e+08,-1.048405228e+02
+3.273141304e+08,-1.048728256e+02
+3.273146739e+08,-1.048451691e+02
+3.273152174e+08,-1.063971176e+02
+3.273157609e+08,-1.055136185e+02
+3.273163043e+08,-1.048348999e+02
+3.273168478e+08,-1.057394485e+02
+3.273173913e+08,-1.023467789e+02
+3.273179348e+08,-1.047181320e+02
+3.273184783e+08,-1.058246841e+02
+3.273190217e+08,-1.058924637e+02
+3.273195652e+08,-9.892063904e+01
+3.273201087e+08,-1.045630798e+02
+3.273206522e+08,-1.038553314e+02
+3.273211957e+08,-1.044964294e+02
+3.273217391e+08,-1.048415070e+02
+3.273222826e+08,-1.032777863e+02
+3.273228261e+08,-1.037143250e+02
+3.273233696e+08,-1.061775818e+02
+3.273239130e+08,-1.030641174e+02
+3.273244565e+08,-1.032363739e+02
+3.273250000e+08,-1.045382843e+02
+3.273255435e+08,-1.059935913e+02
+3.273260870e+08,-1.046119690e+02
+3.273266304e+08,-1.046027527e+02
+3.273271739e+08,-1.053214417e+02
+3.273277174e+08,-1.043565216e+02
+3.273282609e+08,-1.041381073e+02
+3.273288043e+08,-1.053673401e+02
+3.273293478e+08,-1.042646332e+02
+3.273298913e+08,-1.039573822e+02
+3.273304348e+08,-1.047960510e+02
+3.273309783e+08,-1.048472900e+02
+3.273315217e+08,-1.052854156e+02
+3.273320652e+08,-1.049269714e+02
+3.273326087e+08,-1.053177032e+02
+3.273331522e+08,-1.049601898e+02
+3.273336957e+08,-1.044519196e+02
+3.273342391e+08,-1.048414764e+02
+3.273347826e+08,-1.040591431e+02
+3.273353261e+08,-1.065402374e+02
+3.273358696e+08,-1.047608185e+02
+3.273364130e+08,-1.049151459e+02
+3.273369565e+08,-1.044194489e+02
+3.273375000e+08,-1.036096649e+02
+3.273380435e+08,-1.061007233e+02
+3.273385870e+08,-1.055954437e+02
+3.273391304e+08,-1.048248444e+02
+3.273396739e+08,-1.042930908e+02
+3.273402174e+08,-1.053327332e+02
+3.273407609e+08,-1.043108749e+02
+3.273413043e+08,-1.043374710e+02
+3.273418478e+08,-1.025963898e+02
+3.273423913e+08,-1.034851227e+02
+3.273429348e+08,-1.046998978e+02
+3.273434783e+08,-1.046997757e+02
+3.273440217e+08,-1.061518173e+02
+3.273445652e+08,-1.058248978e+02
+3.273451087e+08,-1.043391113e+02
+3.273456522e+08,-1.045013428e+02
+3.273461957e+08,-1.049356766e+02
+3.273467391e+08,-1.047472076e+02
+3.273472826e+08,-1.054237900e+02
+3.273478261e+08,-1.057383957e+02
+3.273483696e+08,-1.052480316e+02
+3.273489130e+08,-1.054298859e+02
+3.273494565e+08,-1.044465027e+02
+3.273500000e+08,-1.059345322e+02
+3.273505435e+08,-1.044241409e+02
+3.273510870e+08,-1.042152100e+02
+3.273516304e+08,-1.054128418e+02
+3.273521739e+08,-1.052927399e+02
+3.273527174e+08,-1.060986938e+02
+3.273532609e+08,-1.045477753e+02
+3.273538043e+08,-1.041617813e+02
+3.273543478e+08,-1.049780350e+02
+3.273548913e+08,-1.051483688e+02
+3.273554348e+08,-1.050250397e+02
+3.273559783e+08,-1.057768097e+02
+3.273565217e+08,-1.038158951e+02
+3.273570652e+08,-1.048976212e+02
+3.273576087e+08,-1.052304916e+02
+3.273581522e+08,-1.045400925e+02
+3.273586957e+08,-1.060090561e+02
+3.273592391e+08,-1.041122665e+02
+3.273597826e+08,-1.058466263e+02
+3.273603261e+08,-1.036239929e+02
+3.273608696e+08,-1.046957016e+02
+3.273614130e+08,-1.065472031e+02
+3.273619565e+08,-1.054970932e+02
+3.273625000e+08,-1.049816818e+02
+3.273630435e+08,-1.051739426e+02
+3.273635870e+08,-1.047738953e+02
+3.273641304e+08,-1.053896561e+02
+3.273646739e+08,-1.051162109e+02
+3.273652174e+08,-1.043937683e+02
+3.273657609e+08,-1.048890533e+02
+3.273663043e+08,-1.048487701e+02
+3.273668478e+08,-1.040236206e+02
+3.273673913e+08,-1.056362457e+02
+3.273679348e+08,-1.052877808e+02
+3.273684783e+08,-1.065203323e+02
+3.273690217e+08,-1.058617477e+02
+3.273695652e+08,-1.045616913e+02
+3.273701087e+08,-1.041703644e+02
+3.273706522e+08,-1.036210861e+02
+3.273711957e+08,-1.058650055e+02
+3.273717391e+08,-1.060424728e+02
+3.273722826e+08,-1.051445770e+02
+3.273728261e+08,-1.054698486e+02
+3.273733696e+08,-1.047238922e+02
+3.273739130e+08,-1.060149918e+02
+3.273744565e+08,-1.042160034e+02
+3.273750000e+08,-1.041574860e+02
+3.273755435e+08,-1.047070236e+02
+3.273760870e+08,-1.047083664e+02
+3.273766304e+08,-1.040622711e+02
+3.273771739e+08,-1.063850784e+02
+3.273777174e+08,-1.046441193e+02
+3.273782609e+08,-1.051792603e+02
+3.273788043e+08,-1.043551331e+02
+3.273793478e+08,-1.053666153e+02
+3.273798913e+08,-1.056898956e+02
+3.273804348e+08,-1.032037964e+02
+3.273809783e+08,-1.047069778e+02
+3.273815217e+08,-1.058590012e+02
+3.273820652e+08,-1.050761948e+02
+3.273826087e+08,-1.039289093e+02
+3.273831522e+08,-1.044098282e+02
+3.273836957e+08,-1.047782288e+02
+3.273842391e+08,-1.052801132e+02
+3.273847826e+08,-1.035489655e+02
+3.273853261e+08,-1.057378235e+02
+3.273858696e+08,-1.044469528e+02
+3.273864130e+08,-1.052080002e+02
+3.273869565e+08,-1.021000443e+02
+3.273875000e+08,-1.071793289e+02
+3.273880435e+08,-1.033959274e+02
+3.273885870e+08,-1.029664078e+02
+3.273891304e+08,-1.054594193e+02
+3.273896739e+08,-1.046917267e+02
+3.273902174e+08,-1.048973770e+02
+3.273907609e+08,-1.055819550e+02
+3.273913043e+08,-1.071834869e+02
+3.273918478e+08,-1.057877045e+02
+3.273923913e+08,-1.045058289e+02
+3.273929348e+08,-1.044556885e+02
+3.273934783e+08,-1.065166321e+02
+3.273940217e+08,-1.043336487e+02
+3.273945652e+08,-1.056908417e+02
+3.273951087e+08,-1.055211639e+02
+3.273956522e+08,-1.044022064e+02
+3.273961957e+08,-1.043102264e+02
+3.273967391e+08,-1.053464203e+02
+3.273972826e+08,-1.055761566e+02
+3.273978261e+08,-1.061661987e+02
+3.273983696e+08,-1.052166443e+02
+3.273989130e+08,-1.057299805e+02
+3.273994565e+08,-1.042839813e+02
+3.274000000e+08,-1.060650482e+02
+3.274005435e+08,-1.037596588e+02
+3.274010870e+08,-1.026608582e+02
+3.274016304e+08,-1.049526672e+02
+3.274021739e+08,-1.046379547e+02
+3.274027174e+08,-1.040263519e+02
+3.274032609e+08,-1.056293488e+02
+3.274038043e+08,-1.038205719e+02
+3.274043478e+08,-1.049366302e+02
+3.274048913e+08,-1.058907013e+02
+3.274054348e+08,-1.051879120e+02
+3.274059783e+08,-1.036824036e+02
+3.274065217e+08,-1.047739258e+02
+3.274070652e+08,-1.064115601e+02
+3.274076087e+08,-1.063355408e+02
+3.274081522e+08,-1.044002686e+02
+3.274086957e+08,-1.044282684e+02
+3.274092391e+08,-1.058850403e+02
+3.274097826e+08,-1.053211517e+02
+3.274103261e+08,-1.055710754e+02
+3.274108696e+08,-1.034414063e+02
+3.274114130e+08,-1.043842468e+02
+3.274119565e+08,-1.057727203e+02
+3.274125000e+08,-1.044682007e+02
+3.274130435e+08,-1.045314941e+02
+3.274135870e+08,-1.051731415e+02
+3.274141304e+08,-1.047183990e+02
+3.274146739e+08,-1.054620972e+02
+3.274152174e+08,-1.058345642e+02
+3.274157609e+08,-1.052662811e+02
+3.274163043e+08,-1.041658783e+02
+3.274168478e+08,-1.052520447e+02
+3.274173913e+08,-1.043409576e+02
+3.274179348e+08,-1.063177032e+02
+3.274184783e+08,-1.065690155e+02
+3.274190217e+08,-1.054523773e+02
+3.274195652e+08,-1.058178253e+02
+3.274201087e+08,-1.047280807e+02
+3.274206522e+08,-1.044302826e+02
+3.274211957e+08,-1.058556442e+02
+3.274217391e+08,-1.051952057e+02
+3.274222826e+08,-1.055154114e+02
+3.274228261e+08,-1.057451935e+02
+3.274233696e+08,-1.044187241e+02
+3.274239130e+08,-1.055990829e+02
+3.274244565e+08,-1.043517532e+02
+3.274250000e+08,-1.057495270e+02
+3.274255435e+08,-1.059662247e+02
+3.274260870e+08,-1.053611221e+02
+3.274266304e+08,-1.038053513e+02
+3.274271739e+08,-1.062741852e+02
+3.274277174e+08,-1.033128204e+02
+3.274282609e+08,-1.044356689e+02
+3.274288043e+08,-1.057018127e+02
+3.274293478e+08,-1.045745697e+02
+3.274298913e+08,-1.048055191e+02
+3.274304348e+08,-1.055776749e+02
+3.274309783e+08,-1.050947418e+02
+3.274315217e+08,-1.057820740e+02
+3.274320652e+08,-1.053475494e+02
+3.274326087e+08,-1.051183395e+02
+3.274331522e+08,-1.060850525e+02
+3.274336957e+08,-1.054444046e+02
+3.274342391e+08,-1.042680969e+02
+3.274347826e+08,-1.052934875e+02
+3.274353261e+08,-1.053206100e+02
+3.274358696e+08,-1.052377319e+02
+3.274364130e+08,-1.056150894e+02
+3.274369565e+08,-1.046030807e+02
+3.274375000e+08,-1.063845444e+02
+3.274380435e+08,-1.053294678e+02
+3.274385870e+08,-1.055554276e+02
+3.274391304e+08,-9.864691925e+01
+3.274396739e+08,-1.056198578e+02
+3.274402174e+08,-1.061660156e+02
+3.274407609e+08,-1.046967010e+02
+3.274413043e+08,-9.597884369e+01
+3.274418478e+08,-1.045084686e+02
+3.274423913e+08,-1.041467743e+02
+3.274429348e+08,-1.061288910e+02
+3.274434783e+08,-1.062082214e+02
+3.274440217e+08,-1.055089645e+02
+3.274445652e+08,-1.066582565e+02
+3.274451087e+08,-1.045405731e+02
+3.274456522e+08,-1.046206131e+02
+3.274461957e+08,-1.059458923e+02
+3.274467391e+08,-1.061926880e+02
+3.274472826e+08,-1.044350204e+02
+3.274478261e+08,-1.052060776e+02
+3.274483696e+08,-1.054517136e+02
+3.274489130e+08,-1.062804947e+02
+3.274494565e+08,-1.051938782e+02
+3.274500000e+08,-1.059298477e+02
+3.274505435e+08,-1.056137314e+02
+3.274510870e+08,-1.067442932e+02
+3.274516304e+08,-1.053548279e+02
+3.274521739e+08,-1.053360748e+02
+3.274527174e+08,-1.050109711e+02
+3.274532609e+08,-1.056379547e+02
+3.274538043e+08,-1.058035431e+02
+3.274543478e+08,-1.044177551e+02
+3.274548913e+08,-1.059731140e+02
+3.274554348e+08,-1.042037506e+02
+3.274559783e+08,-1.061291656e+02
+3.274565217e+08,-1.049972839e+02
+3.274570652e+08,-1.047952423e+02
+3.274576087e+08,-1.066846313e+02
+3.274581522e+08,-1.056269073e+02
+3.274586957e+08,-1.041820831e+02
+3.274592391e+08,-1.044744263e+02
+3.274597826e+08,-1.057475128e+02
+3.274603261e+08,-1.069133759e+02
+3.274608696e+08,-1.060338135e+02
+3.274614130e+08,-1.053490448e+02
+3.274619565e+08,-1.041392059e+02
+3.274625000e+08,-1.040691986e+02
+3.274630435e+08,-1.046478882e+02
+3.274635870e+08,-1.060808563e+02
+3.274641304e+08,-1.062551575e+02
+3.274646739e+08,-1.049055939e+02
+3.274652174e+08,-1.046206665e+02
+3.274657609e+08,-1.063351898e+02
+3.274663043e+08,-1.053062286e+02
+3.274668478e+08,-1.065322113e+02
+3.274673913e+08,-1.053697052e+02
+3.274679348e+08,-1.057629700e+02
+3.274684783e+08,-1.059784393e+02
+3.274690217e+08,-1.053554382e+02
+3.274695652e+08,-1.055804291e+02
+3.274701087e+08,-1.048805847e+02
+3.274706522e+08,-1.048350983e+02
+3.274711957e+08,-1.063418274e+02
+3.274717391e+08,-1.060539856e+02
+3.274722826e+08,-1.059424896e+02
+3.274728261e+08,-1.050722351e+02
+3.274733696e+08,-1.046133881e+02
+3.274739130e+08,-1.057043610e+02
+3.274744565e+08,-1.038309479e+02
+3.274750000e+08,-1.060058899e+02
+3.274755435e+08,-1.057518463e+02
+3.274760870e+08,-1.058005371e+02
+3.274766304e+08,-1.061038361e+02
+3.274771739e+08,-1.051688232e+02
+3.274777174e+08,-1.057967834e+02
+3.274782609e+08,-1.063772125e+02
+3.274788043e+08,-1.064744415e+02
+3.274793478e+08,-1.046562042e+02
+3.274798913e+08,-1.041245117e+02
+3.274804348e+08,-1.040646515e+02
+3.274809783e+08,-1.046826782e+02
+3.274815217e+08,-1.061217499e+02
+3.274820652e+08,-1.040851440e+02
+3.274826087e+08,-1.050772858e+02
+3.274831522e+08,-1.052395782e+02
+3.274836957e+08,-1.051886292e+02
+3.274842391e+08,-1.057487793e+02
+3.274847826e+08,-1.046778870e+02
+3.274853261e+08,-1.057241516e+02
+3.274858696e+08,-1.051136322e+02
+3.274864130e+08,-1.058458557e+02
+3.274869565e+08,-1.047418213e+02
+3.274875000e+08,-1.058624268e+02
+3.274880435e+08,-1.047946625e+02
+3.274885870e+08,-1.047876129e+02
+3.274891304e+08,-1.069143982e+02
+3.274896739e+08,-1.051413422e+02
+3.274902174e+08,-1.048187561e+02
+3.274907609e+08,-1.045604706e+02
+3.274913043e+08,-1.045130615e+02
+3.274918478e+08,-1.048969269e+02
+3.274923913e+08,-1.042262421e+02
+3.274929348e+08,-1.065478058e+02
+3.274934783e+08,-1.063400574e+02
+3.274940217e+08,-1.055024719e+02
+3.274945652e+08,-1.048693695e+02
+3.274951087e+08,-1.034182434e+02
+3.274956522e+08,-1.054286652e+02
+3.274961957e+08,-1.055865631e+02
+3.274967391e+08,-1.045141220e+02
+3.274972826e+08,-1.053305130e+02
+3.274978261e+08,-1.064190521e+02
+3.274983696e+08,-1.044561768e+02
+3.274989130e+08,-1.057394867e+02
+3.274994565e+08,-1.060340958e+02
+3.275000000e+08,-1.051409531e+02
+3.275005435e+08,-1.048046188e+02
+3.275010870e+08,-1.050340271e+02
+3.275016304e+08,-1.056398392e+02
+3.275021739e+08,-1.047787399e+02
+3.275027174e+08,-1.045950699e+02
+3.275032609e+08,-1.036358719e+02
+3.275038043e+08,-1.041353683e+02
+3.275043478e+08,-1.057020111e+02
+3.275048913e+08,-1.043179779e+02
+3.275054348e+08,-1.056122284e+02
+3.275059783e+08,-1.037777252e+02
+3.275065217e+08,-1.058591003e+02
+3.275070652e+08,-1.046179123e+02
+3.275076087e+08,-1.034209900e+02
+3.275081522e+08,-1.056095657e+02
+3.275086957e+08,-1.056193695e+02
+3.275092391e+08,-1.037672577e+02
+3.275097826e+08,-1.042219772e+02
+3.275103261e+08,-1.031465225e+02
+3.275108696e+08,-1.044745483e+02
+3.275114130e+08,-1.055481873e+02
+3.275119565e+08,-1.056498108e+02
+3.275125000e+08,-1.045907669e+02
+3.275130435e+08,-1.056999054e+02
+3.275135870e+08,-1.050559769e+02
+3.275141304e+08,-1.056025085e+02
+3.275146739e+08,-1.042434387e+02
+3.275152174e+08,-1.056217270e+02
+3.275157609e+08,-1.062507324e+02
+3.275163043e+08,-1.028347473e+02
+3.275168478e+08,-1.049904022e+02
+3.275173913e+08,-1.058657608e+02
+3.275179348e+08,-1.057963486e+02
+3.275184783e+08,-1.048929443e+02
+3.275190217e+08,-1.056841507e+02
+3.275195652e+08,-1.062217407e+02
+3.275201087e+08,-1.044995956e+02
+3.275206522e+08,-1.056900711e+02
+3.275211957e+08,-1.057432709e+02
+3.275217391e+08,-1.051170502e+02
+3.275222826e+08,-1.045658417e+02
+3.275228261e+08,-1.047361755e+02
+3.275233696e+08,-1.053100586e+02
+3.275239130e+08,-1.051156158e+02
+3.275244565e+08,-1.043078156e+02
+3.275250000e+08,-1.051280823e+02

