+3.250000000e+08,-8.761688232e+01
+3.250086957e+08,-8.778673553e+01
+3.250173913e+08,-8.652700043e+01
+3.250260870e+08,-8.918590546e+01
+3.250347826e+08,-9.232596588e+01
+3.250434783e+08,-8.829039001e+01
+3.250521739e+08,-9.299236298e+01
+3.250608696e+08,-8.770127869e+01
+3.250695652e+08,-8.906283569e+01
+3.250782609e+08,-9.182799530e+01
+3.250869565e+08,-8.672559357e+01
+3.250956522e+08,-9.207021332e+01
+3.251043478e+08,-9.080347443e+01
+3.251130435e+08,-9.011238098e+01
+3.251217391e+08,-8.032987976e+01
+3.251304348e+08,-9.127433014e+01
+3.251391304e+08,-8.971262360e+01
+3.251478261e+08,-8.628521729e+01
+3.251565217e+08,-8.769731140e+01
+3.251652174e+08,-9.223490143e+01
+3.251739130e+08,-9.048754120e+01
+3.251826087e+08,-8.844488525e+01
+3.251913043e+08,-9.090880585e+01
+3.252000000e+08,-9.029194641e+01
+3.252086957e+08,-8.473754883e+01
+3.252173913e+08,-8.974491119e+01
+3.252260870e+08,-8.964682770e+01
+3.252347826e+08,-8.900018311e+01
+3.252434783e+08,-8.720116425e+01
+3.252521739e+08,-8.900746918e+01
+3.252608696e+08,-9.000176239e+01
+3.252695652e+08,-8.412419891e+01
+3.252782609e+08,-8.660549164e+01
+3.252869565e+08,-9.150012970e+01
+3.252956522e+08,-9.042134857e+01
+3.253043478e+08,-8.765931702e+01
+3.253130435e+08,-8.987716675e+01
+3.253217391e+08,-9.125395203e+01
+3.253304348e+08,-9.189050293e+01
+3.253391304e+08,-8.763023376e+01
+3.253478261e+08,-9.167615509e+01
+3.253565217e+08,-8.739471436e+01
+3.253652174e+08,-8.540770721e+01
+3.253739130e+08,-9.206452179e+01
+3.253826087e+08,-9.137016296e+01
+3.253913043e+08,-9.179628754e+01
+3.254000000e+08,-8.980102539e+01
+3.254086957e+08,-8.989321136e+01
+3.254173913e+08,-9.294505310e+01
+3.254260870e+08,-9.047004700e+01
+3.254347826e+08,-9.208932495e+01
+3.254434783e+08,-9.383969116e+01
+3.254521739e+08,-9.302019501e+01
+3.254608696e+08,-8.803772736e+01
+3.254695652e+08,-8.732414246e+01
+3.254782609e+08,-9.368016815e+01
+3.254869565e+08,-9.164541626e+01
+3.254956522e+08,-9.059471130e+01
+3.255043478e+08,-9.271073151e+01
+3.255130435e+08,-9.356151581e+01
+3.255217391e+08,-8.277855682e+01
+3.255304348e+08,-8.836483002e+01
+3.255391304e+08,-9.207994080e+01
+3.255478261e+08,-8.966690826e+01
+3.255565217e+08,-9.128244781e+01
+3.255652174e+08,-9.250230408e+01
+3.255739130e+08,-9.291491699e+01
+3.255826087e+08,-9.381511688e+01
+3.255913043e+08,-8.995652008e+01
+3.256000000e+08,-8.885388947e+01
+3.256086957e+08,-9.210372162e+01
+3.256173913e+08,-8.000232697e+01
+3.256260870e+08,-9.190445709e+01
+3.256347826e+08,-8.575211334e+01
+3.256434783e+08,-8.916161346e+01
+3.256521739e+08,-8.827303314e+01
+3.256608696e+08,-8.940426636e+01
+3.256695652e+08,-8.088193512e+01
+3.256782609e+08,-9.033570099e+01
+3.256869565e+08,-9.093884277e+01
+3.256956522e+08,-8.955809021e+01
+3.257043478e+08,-9.016503906e+01
+3.257130435e+08,-8.878092194e+01
+3.257217391e+08,-8.810282135e+01
+3.257304348e+08,-8.829636383e+01
+3.257391304e+08,-8.846070862e+01
+3.257478261e+08,-8.965634155e+01
+3.257565217e+08,-8.954711914e+01
+3.257652174e+08,-8.505986786e+01
+3.257739130e+08,-8.541214752e+01
+3.257826087e+08,-9.122342682e+01
+3.257913043e+08,-8.903938293e+01
+3.258000000e+08,-9.066947174e+01
+3.258086957e+08,-9.141971588e+01
+3.258173913e+08,-9.247460938e+01
+3.258260870e+08,-9.103205872e+01
+3.258347826e+08,-9.178077698e+01
+3.258434783e+08,-9.016794586e+01
+3.258521739e+08,-8.860769653e+01
+3.258608696e+08,-9.245241547e+01
+3.258695652e+08,-9.177828217e+01
+3.258782609e+08,-9.060943604e+01
+3.258869565e+08,-9.218981171e+01
+3.258956522e+08,-9.077444458e+01
+3.259043478e+08,-9.326922607e+01
+3.259130435e+08,-8.367165375e+01
+3.259217391e+08,-9.114893341e+01
+3.259304348e+08,-9.116429901e+01
+3.259391304e+08,-9.185115814e+01
+3.259478261e+08,-8.717889404e+01
+3.259565217e+08,-9.223458099e+01
+3.259652174e+08,-9.241230011e+01
+3.259739130e+08,-9.174610901e+01
+3.259826087e+08,-8.777104187e+01
+3.259913043e+08,-9.271523285e+01
+3.260000000e+08,-9.195713043e+01
+3.260086957e+08,-8.251586151e+01
+3.260173913e+08,-9.286276245e+01
+3.260260870e+08,-9.300368500e+01
+3.260347826e+08,-9.168910980e+01
+3.260434783e+08,-8.883608246e+01
+3.260521739e+08,-9.275763702e+01
+3.260608696e+08,-9.280345917e+01
+3.260695652e+08,-9.004958344e+01
+3.260782609e+08,-9.081232452e+01
+3.260869565e+08,-9.225865936e+01
+3.260956522e+08,-9.131176758e+01
+3.261043478e+08,-8.877923584e+01
+3.261130435e+08,-8.892820740e+01
+3.261217391e+08,-9.054467010e+01
+3.261304348e+08,-9.130262756e+01
+3.261391304e+08,-9.021962738e+01
+3.261478261e+08,-9.173700714e+01
+3.261565217e+08,-9.188608551e+01
+3.261652174e+08,-9.012342072e+01
+3.261739130e+08,-8.691056061e+01
+3.261826087e+08,-9.159349823e+01
+3.261913043e+08,-9.146282196e+01
+3.262000000e+08,-9.042284393e+01
+3.262086957e+08,-9.046041107e+01
+3.262173913e+08,-9.000090790e+01
+3.262260870e+08,-8.955709076e+01
+3.262347826e+08,-8.536169434e+01
+3.262434783e+08,-8.999261475e+01
+3.262521739e+08,-8.921790314e+01
+3.262608696e+08,-9.023196411e+01
+3.262695652e+08,-9.028247070e+01
+3.262782609e+08,-8.926604462e+01
+3.262869565e+08,-9.121055603e+01
+3.262956522e+08,-8.934480286e+01
+3.263043478e+08,-8.461502838e+01
+3.263130435e+08,-9.136706543e+01
+3.263217391e+08,-9.182077026e+01
+3.263304348e+08,-9.213863373e+01
+3.263391304e+08,-9.097322845e+01
+3.263478261e+08,-9.207723999e+01
+3.263565217e+08,-9.216289520e+01
+3.263652174e+08,-8.842930603e+01
+3.263739130e+08,-9.250398254e+01
+3.263826087e+08,-9.261640930e+01
+3.263913043e+08,-9.023428345e+01
+3.264000000e+08,-8.827371979e+01
+3.264086957e+08,-9.203559875e+01
+3.264173913e+08,-9.299091339e+01
+3.264260870e+08,-8.711341095e+01
+3.264347826e+08,-9.166894531e+01
+3.264434783e+08,-9.285809326e+01
+3.264521739e+08,-9.239221954e+01
+3.264608696e+08,-8.890928650e+01
+3.264695652e+08,-9.195635986e+01
+3.264782609e+08,-9.235527039e+01
+3.264869565e+08,-9.291748047e+01
+3.264956522e+08,-8.843187714e+01
+3.265043478e+08,-9.319297028e+01
+3.265130435e+08,-9.065428925e+01
+3.265217391e+08,-8.480265045e+01
+3.265304348e+08,-9.216059875e+01
+3.265391304e+08,-9.186788940e+01
+3.265478261e+08,-9.293140411e+01
+3.265565217e+08,-8.840638733e+01
+3.265652174e+08,-9.239313507e+01
+3.265739130e+08,-9.261781311e+01
+3.265826087e+08,-7.964973450e+01
+3.265913043e+08,-9.092426300e+01
+3.266000000e+08,-9.206185150e+01
+3.266086957e+08,-9.159687042e+01
+3.266173913e+08,-8.939540863e+01
+3.266260870e+08,-9.225836945e+01
+3.266347826e+08,-9.233383179e+01
+3.266434783e+08,-9.266459656e+01
+3.266521739e+08,-8.862535095e+01
+3.266608696e+08,-9.226987457e+01
+3.266695652e+08,-9.125134277e+01
+3.266782609e+08,-8.846670532e+01
+3.266869565e+08,-8.934899139e+01
+3.266956522e+08,-9.230472565e+01
+3.267043478e+08,-8.967561340e+01
+3.267130435e+08,-9.143147278e+01
+3.267217391e+08,-9.131788635e+01
+3.267304348e+08,-9.003501892e+01
+3.267391304e+08,-8.936616516e+01
+3.267478261e+08,-8.882786560e+01
+3.267565217e+08,-9.027275085e+01
+3.267652174e+08,-8.879598236e+01
+3.267739130e+08,-8.893923187e+01
+3.267826087e+08,-8.995262909e+01
+3.267913043e+08,-9.082942200e+01
+3.268000000e+08,-9.133924103e+01
+3.268086957e+08,-8.910939026e+01
+3.268173913e+08,-9.122744751e+01
+3.268260870e+08,-9.183432770e+01
+3.268347826e+08,-9.175026703e+01
+3.268434783e+08,-9.159043121e+01
+3.268521739e+08,-9.101198578e+01
+3.268608696e+08,-9.319745636e+01
+3.268695652e+08,-9.327472687e+01
+3.268782609e+08,-8.447481537e+01
+3.268869565e+08,-6.786276245e+01
+3.268956522e+08,-9.212187958e+01
+3.269043478e+08,-9.226533508e+01
+3.269130435e+08,-9.228118896e+01
+3.269217391e+08,-9.281617737e+01
+3.269304348e+08,-9.278790283e+01
+3.269391304e+08,-9.121678925e+01
+3.269478261e+08,-9.247057343e+01
+3.269565217e+08,-9.194016266e+01
+3.269652174e+08,-9.264673615e+01
+3.269739130e+08,-9.266161346e+01
+3.269826087e+08,-9.203083038e+01
+3.269913043e+08,-8.975421906e+01
+3.270000000e+08,-8.976018524e+01
+3.270086957e+08,-8.993171692e+01
+3.270173913e+08,-9.311435699e+01
+3.270260870e+08,-9.190773773e+01
+3.270347826e+08,-8.742622375e+01
+3.270434783e+08,-8.920386505e+01
+3.270521739e+08,-9.261088562e+01
+3.270608696e+08,-9.251725769e+01
+3.270695652e+08,-8.951412201e+01
+3.270782609e+08,-9.254985809e+01
+3.270869565e+08,-8.859549713e+01
+3.270956522e+08,-9.228884125e+01
+3.271043478e+08,-9.142774200e+01
+3.271130435e+08,-9.219901276e+01
+3.271217391e+08,-9.307837677e+01
+3.271304348e+08,-9.142782593e+01
+3.271391304e+08,-9.007856750e+01
+3.271478261e+08,-9.245610809e+01
+3.271565217e+08,-9.245754242e+01
+3.271652174e+08,-8.769982910e+01
+3.271739130e+08,-9.111007690e+01
+3.271826087e+08,-9.107917023e+01
+3.271913043e+08,-9.217985535e+01
+3.272000000e+08,-7.523405457e+01
+3.272086957e+08,-9.104358673e+01
+3.272173913e+08,-9.052046204e+01
+3.272260870e+08,-8.412841034e+01
+3.272347826e+08,-9.030111694e+01
+3.272434783e+08,-8.976372528e+01
+3.272521739e+08,-9.054494476e+01
+3.272608696e+08,-9.021097565e+01
+3.272695652e+08,-8.988930511e+01
+3.272782609e+08,-9.083850098e+01
+3.272869565e+08,-9.108084869e+01
+3.272956522e+08,-9.145695496e+01
+3.273043478e+08,-9.113842010e+01
+3.273130435e+08,-9.189933777e+01
+3.273217391e+08,-8.794141388e+01
+3.273304348e+08,-9.099722290e+01
+3.273391304e+08,-9.206990814e+01
+3.273478261e+08,-9.194535828e+01
+3.273565217e+08,-8.918001556e+01
+3.273652174e+08,-9.129096985e+01
+3.273739130e+08,-9.264403534e+01
+3.273826087e+08,-8.942134094e+01
+3.273913043e+08,-8.728502655e+01
+3.274000000e+08,-9.239178467e+01
+3.274086957e+08,-8.766330719e+01
+3.274173913e+08,-9.259780884e+01
+3.274260870e+08,-9.156615448e+01
+3.274347826e+08,-9.206562042e+01
+3.274434783e+08,-7.584831238e+01
+3.274521739e+08,-8.916229248e+01
+3.274608696e+08,-9.331980133e+01
+3.274695652e+08,-8.984638214e+01
+3.274782609e+08,-9.143724060e+01
+3.274869565e+08,-9.017728424e+01
+3.274956522e+08,-9.103273010e+01
+3.275043478e+08,-9.125728607e+01
+3.275130435e+08,-8.980526733e+01
+3.275217391e+08,-8.934056854e+01
+3.275304348e+08,-9.184194183e+01
+3.275391304e+08,-9.222835541e+01
+3.275478261e+08,-8.937638855e+01
+3.275565217e+08,-9.225454712e+01
+3.275652174e+08,-9.208734894e+01
+3.275739130e+08,-9.209349060e+01
+3.275826087e+08,-8.993445587e+01
+3.275913043e+08,-9.295539093e+01
+3.276000000e+08,-9.264397430e+01
+3.276086957e+08,-9.270994568e+01
+3.276173913e+08,-9.160013580e+01
+3.276260870e+08,-8.946575165e+01
+3.276347826e+08,-9.235295868e+01
+3.276434783e+08,-9.101740265e+01
+3.276521739e+08,-8.985320282e+01
+3.276608696e+08,-9.275551605e+01
+3.276695652e+08,-9.110057831e+01
+3.276782609e+08,-8.742811584e+01
+3.276869565e+08,-7.983769226e+01
+3.276956522e+08,-9.212594604e+01
+3.277043478e+08,-9.068798065e+01
+3.277130435e+08,-8.931620789e+01
+3.277217391e+08,-9.174732208e+01
+3.277304348e+08,-9.185144043e+01
+3.277391304e+08,-9.088405609e+01
+3.277478261e+08,-9.133731842e+01
+3.277565217e+08,-9.042931366e+01
+3.277652174e+08,-9.083123016e+01
+3.277739130e+08,-8.901784515e+01
+3.277826087e+08,-9.065453339e+01
+3.277913043e+08,-9.105101776e+01
+3.278000000e+08,-9.116145325e+01
+3.278086957e+08,-8.940489197e+01
+3.278173913e+08,-9.204285431e+01
+3.278260870e+08,-9.272320557e+01
+3.278347826e+08,-9.157881927e+01
+3.278434783e+08,-8.971665955e+01
+3.278521739e+08,-9.238262177e+01
+3.278608696e+08,-9.157976532e+01
+3.278695652e+08,-8.650707245e+01
+3.278782609e+08,-9.195281219e+01
+3.278869565e+08,-9.210707855e+01
+3.278956522e+08,-8.239330292e+01
+3.279043478e+08,-9.027541351e+01
+3.279130435e+08,-9.181305695e+01
+3.279217391e+08,-9.191945648e+01
+3.279304348e+08,-9.273825073e+01
+3.279391304e+08,-9.102956390e+01
+3.279478261e+08,-9.301416779e+01
+3.279565217e+08,-9.203262329e+01
+3.279652174e+08,-8.485393524e+01
+3.279739130e+08,-8.998786926e+01
+3.279826087e+08,-9.245842743e+01
+3.279913043e+08,-8.304648590e+01
+3.280000000e+08,-9.079494476e+01
+3.280086957e+08,-8.996078491e+01
+3.280173913e+08,-8.812577057e+01
+3.280260870e+08,-8.890671539e+01
+3.280347826e+08,-9.329477692e+01
+3.280434783e+08,-9.266447449e+01
+3.280521739e+08,-8.902557373e+01
+3.280608696e+08,-9.201283264e+01
+3.280695652e+08,-9.260870361e+01
+3.280782609e+08,-9.239572906e+01
+3.280869565e+08,-9.021921539e+01
+3.280956522e+08,-8.945233154e+01
+3.281043478e+08,-8.925391388e+01
+3.281130435e+08,-9.296094513e+01
+3.281217391e+08,-9.304949188e+01
+3.281304348e+08,-9.038731384e+01
+3.281391304e+08,-9.079032135e+01
+3.281478261e+08,-8.883761597e+01
+3.281565217e+08,-9.086918640e+01
+3.281652174e+08,-9.231282043e+01
+3.281739130e+08,-9.268441772e+01
+3.281826087e+08,-9.243838501e+01
+3.281913043e+08,-9.274496460e+01
+3.282000000e+08,-9.196182251e+01
+3.282086957e+08,-9.221603394e+01
+3.282173913e+08,-9.283692932e+01
+3.282260870e+08,-8.908637238e+01
+3.282347826e+08,-8.871715546e+01
+3.282434783e+08,-9.098289490e+01
+3.282521739e+08,-9.189591217e+01
+3.282608696e+08,-9.015277100e+01
+3.282695652e+08,-9.114804840e+01
+3.282782609e+08,-9.105455017e+01
+3.282869565e+08,-9.095234680e+01
+3.282956522e+08,-8.983773041e+01
+3.283043478e+08,-9.188388062e+01
+3.283130435e+08,-9.197323608e+01
+3.283217391e+08,-9.032125092e+01
+3.283304348e+08,-9.023526764e+01
+3.283391304e+08,-9.155559540e+01
+3.283478261e+08,-9.043122864e+01
+3.283565217e+08,-8.779145050e+01
+3.283652174e+08,-9.291169739e+01
+3.283739130e+08,-9.206598663e+01
+3.283826087e+08,-9.200619507e+01
+3.283913043e+08,-9.090299988e+01
+3.284000000e+08,-9.255650330e+01
+3.284086957e+08,-8.912770081e+01
+3.284173913e+08,-8.828475189e+01
+3.284260870e+08,-9.259769440e+01
+3.284347826e+08,-9.059033203e+01
+3.284434783e+08,-9.305138397e+01
+3.284521739e+08,-9.079411316e+01
+3.284608696e+08,-9.055254364e+01
+3.284695652e+08,-9.210528564e+01
+3.284782609e+08,-8.977155304e+01
+3.284869565e+08,-8.819425201e+01
+3.284956522e+08,-9.311550903e+01
+3.285043478e+08,-9.296408844e+01
+3.285130435e+08,-9.278218842e+01
+3.285217391e+08,-9.285353088e+01
+3.285304348e+08,-9.264525604e+01
+3.285391304e+08,-9.031000519e+01
+3.285478261e+08,-9.274143219e+01
+3.285565217e+08,-9.280094147e+01
+3.285652174e+08,-9.300307465e+01
+3.285739130e+08,-8.856175232e+01
+3.285826087e+08,-9.254894257e+01
+3.285913043e+08,-9.224022675e+01
+3.286000000e+08,-8.629910278e+01
+3.286086957e+08,-9.174965668e+01
+3.286173913e+08,-8.701952362e+01
+3.286260870e+08,-9.286266327e+01
+3.286347826e+08,-9.233736420e+01
+3.286434783e+08,-9.054222870e+01
+3.286521739e+08,-9.197241974e+01
+3.286608696e+08,-9.045656586e+01
+3.286695652e+08,-9.214150238e+01
+3.286782609e+08,-9.227118683e+01
+3.286869565e+08,-9.287044525e+01
+3.286956522e+08,-9.317798615e+01
+3.287043478e+08,-9.214711761e+01
+3.287130435e+08,-8.828890991e+01
+3.287217391e+08,-9.215763092e+01
+3.287304348e+08,-9.172216034e+01
+3.287391304e+08,-8.862248230e+01
+3.287478261e+08,-9.153455353e+01
+3.287565217e+08,-9.176252747e+01
+3.287652174e+08,-8.357118225e+01
+3.287739130e+08,-8.969748688e+01
+3.287826087e+08,-9.077408600e+01
+3.287913043e+08,-9.145618439e+01
+3.288000000e+08,-8.852434540e+01
+3.288086957e+08,-9.132459259e+01
+3.288173913e+08,-8.659816742e+01
+3.288260870e+08,-9.075084686e+01
+3.288347826e+08,-8.644184875e+01
+3.288434783e+08,-9.263638306e+01
+3.288521739e+08,-9.262087250e+01
+3.288608696e+08,-9.332046509e+01
+3.288695652e+08,-8.990366364e+01
+3.288782609e+08,-8.581333923e+01
+3.288869565e+08,-9.252935028e+01
+3.288956522e+08,-9.212625122e+01
+3.289043478e+08,-9.162702179e+01
+3.289130435e+08,-9.199815369e+01
+3.289217391e+08,-9.039495087e+01
+3.289304348e+08,-9.264363098e+01
+3.289391304e+08,-8.990341187e+01
+3.289478261e+08,-9.312001801e+01
+3.289565217e+08,-9.237915039e+01
+3.289652174e+08,-8.871760559e+01
+3.289739130e+08,-9.282908630e+01
+3.289826087e+08,-9.299369812e+01
+3.289913043e+08,-9.203452301e+01
+3.290000000e+08,-9.207403564e+01

