+1.000000000e+06,-7.569127655e+01
+3.171739130e+06,-8.058185577e+01
+5.343478261e+06,-7.578456879e+01
+7.515217391e+06,-8.147387695e+01
+9.686956522e+06,-8.214299774e+01
+1.185869565e+07,-7.676261902e+01
+1.403043478e+07,-7.766782379e+01
+1.620217391e+07,-8.159460449e+01
+1.837391304e+07,-6.904711914e+01
+2.054565217e+07,-6.534207153e+01
+2.271739130e+07,-7.914678955e+01
+2.488913043e+07,-7.979981232e+01
+2.706086957e+07,-7.428058624e+01
+2.923260870e+07,-8.448869324e+01
+3.140434783e+07,-8.732984161e+01
+3.357608696e+07,-7.979621124e+01
+3.574782609e+07,-7.975115967e+01
+3.791956522e+07,-7.964858246e+01
+4.009130435e+07,-7.631823730e+01
+4.226304348e+07,-8.084169006e+01
+4.443478261e+07,-7.949410248e+01
+4.660652174e+07,-8.537710571e+01
+4.877826087e+07,-9.073065186e+01
+5.095000000e+07,-8.794165039e+01
+5.312173913e+07,-8.605767822e+01
+5.529347826e+07,-7.963011169e+01
+5.746521739e+07,-8.590417480e+01
+5.963695652e+07,-8.092304993e+01
+6.180869565e+07,-8.387314606e+01
+6.398043478e+07,-8.822714233e+01
+6.615217391e+07,-8.954211426e+01
+6.832391304e+07,-9.223802948e+01
+7.049565217e+07,-9.225806427e+01
+7.266739130e+07,-8.690507507e+01
+7.483913043e+07,-9.437287140e+01
+7.701086957e+07,-9.237789154e+01
+7.918260870e+07,-9.089458466e+01
+8.135434783e+07,-8.662410736e+01
+8.352608696e+07,-8.397708130e+01
+8.569782609e+07,-8.699769592e+01
+8.786956522e+07,-8.779109192e+01
+9.004130435e+07,-8.878446960e+01
+9.221304348e+07,-6.717384338e+01
+9.438478261e+07,-7.317119598e+01
+9.655652174e+07,-7.739889526e+01
+9.872826087e+07,-8.538715363e+01
+1.009000000e+08,-9.574748230e+01
+1.030717391e+08,-9.084461975e+01
+1.052434783e+08,-9.885746765e+01
+1.074152174e+08,-9.365061951e+01
+1.095869565e+08,-9.366628265e+01
+1.117586957e+08,-9.066035461e+01
+1.139304348e+08,-9.482380676e+01
+1.161021739e+08,-1.017463531e+02
+1.182739130e+08,-9.457170105e+01
+1.204456522e+08,-9.357679749e+01
+1.226173913e+08,-9.058401489e+01
+1.247891304e+08,-9.814385986e+01
+1.269608696e+08,-1.056101685e+02
+1.291326087e+08,-1.020457001e+02
+1.313043478e+08,-1.043198166e+02
+1.334760870e+08,-8.867049408e+01
+1.356478261e+08,-1.021900330e+02
+1.378195652e+08,-9.637505341e+01
+1.399913043e+08,-9.265402985e+01
+1.421630435e+08,-9.287493896e+01
+1.443347826e+08,-8.943222046e+01
+1.465065217e+08,-9.999511719e+01
+1.486782609e+08,-9.583690643e+01
+1.508500000e+08,-1.016661987e+02
+1.530217391e+08,-1.034479065e+02
+1.551934783e+08,-1.036982651e+02
+1.573652174e+08,-1.027971420e+02
+1.595369565e+08,-1.042634583e+02
+1.617086957e+08,-1.005143356e+02
+1.638804348e+08,-1.032704010e+02
+1.660521739e+08,-1.034657135e+02
+1.682239130e+08,-8.245027924e+01
+1.703956522e+08,-1.035471725e+02
+1.725673913e+08,-1.042029419e+02
+1.747391304e+08,-1.024856110e+02
+1.769108696e+08,-1.016506805e+02
+1.790826087e+08,-1.041185074e+02
+1.812543478e+08,-1.049585190e+02
+1.834260870e+08,-1.040616989e+02
+1.855978261e+08,-1.029571457e+02
+1.877695652e+08,-1.037930450e+02
+1.899413043e+08,-9.887689209e+01
+1.921130435e+08,-1.002766876e+02
+1.942847826e+08,-1.030833893e+02
+1.964565217e+08,-1.035102234e+02
+1.986282609e+08,-1.042911530e+02
+2.008000000e+08,-9.273285675e+01
+2.029717391e+08,-1.027939606e+02
+2.051434783e+08,-1.041132050e+02
+2.073152174e+08,-1.038633575e+02
+2.094869565e+08,-1.042414932e+02
+2.116586957e+08,-1.045167007e+02
+2.138304348e+08,-1.028259277e+02
+2.160021739e+08,-9.810221100e+01
+2.181739130e+08,-1.043339233e+02
+2.203456522e+08,-1.033987961e+02
+2.225173913e+08,-1.026107788e+02
+2.246891304e+08,-1.036432495e+02
+2.268608696e+08,-1.047364044e+02
+2.290326087e+08,-1.030369263e+02
+2.312043478e+08,-1.030978241e+02
+2.333760870e+08,-9.568650055e+01
+2.355478261e+08,-1.018489075e+02
+2.377195652e+08,-1.037965240e+02
+2.398913043e+08,-9.467750549e+01
+2.420630435e+08,-9.726221466e+01
+2.442347826e+08,-9.756854248e+01
+2.464065217e+08,-1.028021698e+02
+2.485782609e+08,-1.026428909e+02
+2.507500000e+08,-9.571288300e+01
+2.529217391e+08,-1.018715820e+02
+2.550934783e+08,-1.014874039e+02
+2.572652174e+08,-1.014597473e+02
+2.594369565e+08,-1.014397049e+02
+2.616086957e+08,-1.020581360e+02
+2.637804348e+08,-1.015132675e+02
+2.659521739e+08,-1.001541061e+02
+2.681239130e+08,-1.017090912e+02
+2.702956522e+08,-1.013010635e+02
+2.724673913e+08,-1.031443863e+02
+2.746391304e+08,-1.031410065e+02
+2.768108696e+08,-1.009808044e+02
+2.789826087e+08,-1.036778488e+02
+2.811543478e+08,-1.032856522e+02
+2.833260870e+08,-1.033371048e+02
+2.854978261e+08,-1.034036484e+02
+2.876695652e+08,-1.036335144e+02
+2.898413043e+08,-1.026086121e+02
+2.920130435e+08,-1.035907898e+02
+2.941847826e+08,-1.029688644e+02
+2.963565217e+08,-1.020695724e+02
+2.985282609e+08,-1.032516708e+02
+3.007000000e+08,-9.853005981e+01
+3.028717391e+08,-1.010018692e+02
+3.050434783e+08,-1.038708878e+02
+3.072152174e+08,-1.040476685e+02
+3.093869565e+08,-1.040545578e+02
+3.115586957e+08,-1.011427383e+02
+3.137304348e+08,-1.037181778e+02
+3.159021739e+08,-1.033197556e+02
+3.180739130e+08,-1.030643234e+02
+3.202456522e+08,-1.021426392e+02
+3.224173913e+08,-1.036766739e+02
+3.245891304e+08,-1.031710739e+02
+3.267608696e+08,-1.028465118e+02
+3.289326087e+08,-1.032854538e+02
+3.311043478e+08,-1.024933319e+02
+3.332760870e+08,-1.028728333e+02
+3.354478261e+08,-9.807282257e+01
+3.376195652e+08,-1.023190994e+02
+3.397913043e+08,-1.033814240e+02
+3.419630435e+08,-1.031699219e+02
+3.441347826e+08,-1.028051224e+02
+3.463065217e+08,-1.022214737e+02
+3.484782609e+08,-1.032508011e+02
+3.506500000e+08,-1.028712692e+02
+3.528217391e+08,-1.025867157e+02
+3.549934783e+08,-1.033165512e+02
+3.571652174e+08,-1.031009598e+02
+3.593369565e+08,-9.759701538e+01
+3.615086957e+08,-1.032072754e+02
+3.636804348e+08,-1.033231888e+02
+3.658521739e+08,-8.242256165e+01
+3.680239130e+08,-1.027771378e+02
+3.701956522e+08,-1.016906357e+02
+3.723673913e+08,-9.632806396e+01
+3.745391304e+08,-1.029512177e+02
+3.767108696e+08,-9.774600220e+01
+3.788826087e+08,-1.010589447e+02
+3.810543478e+08,-1.019312668e+02
+3.832260870e+08,-9.352201843e+01
+3.853978261e+08,-9.874304962e+01
+3.875695652e+08,-1.011912994e+02
+3.897413043e+08,-1.024423904e+02
+3.919130435e+08,-1.016280060e+02
+3.940847826e+08,-9.969028473e+01
+3.962565217e+08,-1.001799469e+02
+3.984282609e+08,-1.002392731e+02
+4.006000000e+08,-1.034107971e+02
+4.027717391e+08,-1.044225540e+02
+4.049434783e+08,-1.031348877e+02
+4.071152174e+08,-9.299749756e+01
+4.092869565e+08,-1.034348831e+02
+4.114586957e+08,-1.034672775e+02
+4.136304348e+08,-1.037015076e+02
+4.158021739e+08,-1.038615570e+02
+4.179739130e+08,-1.035653229e+02
+4.201456522e+08,-1.029215469e+02
+4.223173913e+08,-1.033447342e+02
+4.244891304e+08,-1.016988754e+02
+4.266608696e+08,-1.042185364e+02
+4.288326087e+08,-1.034493332e+02
+4.310043478e+08,-9.995848083e+01
+4.331760870e+08,-9.872048950e+01
+4.353478261e+08,-1.038087158e+02
+4.375195652e+08,-1.033901596e+02
+4.396913043e+08,-1.026756897e+02
+4.418630435e+08,-9.211052704e+01
+4.440347826e+08,-1.042161484e+02
+4.462065217e+08,-1.036643143e+02
+4.483782609e+08,-1.036828690e+02
+4.505500000e+08,-1.038666229e+02
+4.527217391e+08,-1.041948700e+02
+4.548934783e+08,-1.027777023e+02
+4.570652174e+08,-1.039261932e+02
+4.592369565e+08,-1.042854156e+02
+4.614086957e+08,-9.167677307e+01
+4.635804348e+08,-9.131311035e+01
+4.657521739e+08,-8.937149811e+01
+4.679239130e+08,-1.041234283e+02
+4.700956522e+08,-1.043001633e+02
+4.722673913e+08,-1.037267761e+02
+4.744391304e+08,-1.041292419e+02
+4.766108696e+08,-1.041886978e+02
+4.787826087e+08,-1.001248474e+02
+4.809543478e+08,-1.043359680e+02
+4.831260870e+08,-1.032704010e+02
+4.852978261e+08,-1.040368347e+02
+4.874695652e+08,-1.050089417e+02
+4.896413043e+08,-1.045526199e+02
+4.918130435e+08,-1.049670639e+02
+4.939847826e+08,-1.038826828e+02
+4.961565217e+08,-1.041953278e+02
+4.983282609e+08,-1.035791931e+02
+5.005000000e+08,-1.020825806e+02
+5.026717391e+08,-1.023721085e+02
+5.048434783e+08,-1.044653320e+02
+5.070152174e+08,-1.035897675e+02
+5.091869565e+08,-1.042240448e+02
+5.113586957e+08,-1.050621033e+02
+5.135304348e+08,-1.045976791e+02
+5.157021739e+08,-1.038221436e+02
+5.178739130e+08,-1.049275589e+02
+5.200456522e+08,-1.044294434e+02
+5.222173913e+08,-1.040207825e+02
+5.243891304e+08,-1.044127121e+02
+5.265608696e+08,-1.042374039e+02
+5.287326087e+08,-1.037414398e+02
+5.309043478e+08,-1.051618118e+02
+5.330760870e+08,-1.042530518e+02
+5.352478261e+08,-1.052971954e+02
+5.374195652e+08,-1.045901413e+02
+5.395913043e+08,-1.048857880e+02
+5.417630435e+08,-1.051628723e+02
+5.439347826e+08,-1.049244537e+02
+5.461065217e+08,-1.041641617e+02
+5.482782609e+08,-1.050209579e+02
+5.504500000e+08,-9.321479797e+01
+5.526217391e+08,-9.312699127e+01
+5.547934783e+08,-9.457035828e+01
+5.569652174e+08,-9.447312927e+01
+5.591369565e+08,-1.034844513e+02
+5.613086957e+08,-1.048400116e+02
+5.634804348e+08,-1.045283966e+02
+5.656521739e+08,-1.038560486e+02
+5.678239130e+08,-1.040800247e+02
+5.699956522e+08,-1.050732803e+02
+5.721673913e+08,-1.038576202e+02
+5.743391304e+08,-1.038843079e+02
+5.765108696e+08,-1.041844406e+02
+5.786826087e+08,-1.051447449e+02
+5.808543478e+08,-1.057167816e+02
+5.830260870e+08,-1.046526642e+02
+5.851978261e+08,-1.042221375e+02
+5.873695652e+08,-1.016114655e+02
+5.895413043e+08,-1.043702850e+02
+5.917130435e+08,-1.039795456e+02
+5.938847826e+08,-1.046610794e+02
+5.960565217e+08,-1.043227234e+02
+5.982282609e+08,-9.671302795e+01
+6.004000000e+08,-9.758424377e+01
+6.025717391e+08,-9.860900879e+01
+6.047434783e+08,-9.654710388e+01
+6.069152174e+08,-1.050129089e+02
+6.090869565e+08,-1.037474213e+02
+6.112586957e+08,-1.046179810e+02
+6.134304348e+08,-9.691313934e+01
+6.156021739e+08,-9.688766479e+01
+6.177739130e+08,-9.800677490e+01
+6.199456522e+08,-1.007667542e+02
+6.221173913e+08,-1.035099487e+02
+6.242891304e+08,-1.048384857e+02
+6.264608696e+08,-1.044428711e+02
+6.286326087e+08,-1.053426514e+02
+6.308043478e+08,-1.055200806e+02
+6.329760870e+08,-1.044617920e+02
+6.351478261e+08,-1.053113556e+02
+6.373195652e+08,-1.029191284e+02
+6.394913043e+08,-1.042814026e+02
+6.416630435e+08,-1.051543274e+02
+6.438347826e+08,-1.042839966e+02
+6.460065217e+08,-1.044562073e+02
+6.481782609e+08,-1.051290894e+02
+6.503500000e+08,-1.047990570e+02
+6.525217391e+08,-1.051030731e+02
+6.546934783e+08,-1.053337860e+02
+6.568652174e+08,-1.050350952e+02
+6.590369565e+08,-1.042940216e+02
+6.612086957e+08,-1.046649170e+02
+6.633804348e+08,-1.053040314e+02
+6.655521739e+08,-1.046214142e+02
+6.677239130e+08,-1.045046082e+02
+6.698956522e+08,-1.045805664e+02
+6.720673913e+08,-1.041542206e+02
+6.742391304e+08,-1.052117920e+02
+6.764108696e+08,-1.049696884e+02
+6.785826087e+08,-1.052451782e+02
+6.807543478e+08,-1.045941010e+02
+6.829260870e+08,-1.051838837e+02
+6.850978261e+08,-1.053168488e+02
+6.872695652e+08,-1.019915466e+02
+6.894413043e+08,-1.044953003e+02
+6.916130435e+08,-1.037850494e+02
+6.937847826e+08,-1.035865326e+02
+6.959565217e+08,-1.044254684e+02
+6.981282609e+08,-1.044688110e+02
+7.003000000e+08,-9.862979126e+01
+7.024717391e+08,-1.045840378e+02
+7.046434783e+08,-1.042105560e+02
+7.068152174e+08,-1.055466080e+02
+7.089869565e+08,-1.046119690e+02
+7.111586957e+08,-1.055984650e+02
+7.133304348e+08,-1.050288696e+02
+7.155021739e+08,-1.044549561e+02
+7.176739130e+08,-1.045924377e+02
+7.198456522e+08,-1.050201340e+02
+7.220173913e+08,-1.048916168e+02
+7.241891304e+08,-1.041048813e+02
+7.263608696e+08,-1.051184235e+02
+7.285326087e+08,-1.047578964e+02
+7.307043478e+08,-1.057579041e+02
+7.328760870e+08,-1.049059830e+02
+7.350478261e+08,-1.038945465e+02
+7.372195652e+08,-1.048465805e+02
+7.393913043e+08,-1.048612671e+02
+7.415630435e+08,-1.042296448e+02
+7.437347826e+08,-1.052015762e+02
+7.459065217e+08,-1.047355499e+02
+7.480782609e+08,-1.046253815e+02
+7.502500000e+08,-1.038005066e+02
+7.524217391e+08,-1.047689133e+02
+7.545934783e+08,-1.045436783e+02
+7.567652174e+08,-1.048085785e+02
+7.589369565e+08,-1.045247116e+02
+7.611086957e+08,-1.043753738e+02
+7.632804348e+08,-1.043392868e+02
+7.654521739e+08,-1.050580673e+02
+7.676239130e+08,-1.047962570e+02
+7.697956522e+08,-1.044722824e+02
+7.719673913e+08,-1.044140167e+02
+7.741391304e+08,-1.040588303e+02
+7.763108696e+08,-1.035999985e+02
+7.784826087e+08,-1.037207489e+02
+7.806543478e+08,-1.041626282e+02
+7.828260870e+08,-1.038856812e+02
+7.849978261e+08,-1.051077652e+02
+7.871695652e+08,-1.046546173e+02
+7.893413043e+08,-1.029785767e+02
+7.915130435e+08,-1.047231750e+02
+7.936847826e+08,-1.051691589e+02
+7.958565217e+08,-1.044821930e+02
+7.980282609e+08,-1.037265320e+02
+8.002000000e+08,-1.043323059e+02
+8.023717391e+08,-1.043271942e+02
+8.045434783e+08,-1.043488922e+02
+8.067152174e+08,-1.045110550e+02
+8.088869565e+08,-1.044919815e+02
+8.110586957e+08,-1.036563416e+02
+8.132304348e+08,-1.035578308e+02
+8.154021739e+08,-1.038977661e+02
+8.175739130e+08,-1.046336594e+02
+8.197456522e+08,-1.044153900e+02
+8.219173913e+08,-1.033718872e+02
+8.240891304e+08,-1.041085281e+02
+8.262608696e+08,-1.044952850e+02
+8.284326087e+08,-1.038473129e+02
+8.306043478e+08,-1.038344879e+02
+8.327760870e+08,-1.028149567e+02
+8.349478261e+08,-1.039581680e+02
+8.371195652e+08,-1.044436569e+02
+8.392913043e+08,-1.047629700e+02
+8.414630435e+08,-1.031406631e+02
+8.436347826e+08,-1.038518524e+02
+8.458065217e+08,-1.037882690e+02
+8.479782609e+08,-1.042520752e+02
+8.501500000e+08,-1.027696838e+02
+8.523217391e+08,-1.027342072e+02
+8.544934783e+08,-1.040527420e+02
+8.566652174e+08,-1.042013626e+02
+8.588369565e+08,-1.021956711e+02
+8.610086957e+08,-1.027155304e+02
+8.631804348e+08,-1.034315186e+02
+8.653521739e+08,-1.031065598e+02
+8.675239130e+08,-1.039340439e+02
+8.696956522e+08,-1.034491272e+02
+8.718673913e+08,-9.541635895e+01
+8.740391304e+08,-9.566970062e+01
+8.762108696e+08,-1.024792557e+02
+8.783826087e+08,-1.025407104e+02
+8.805543478e+08,-1.038148651e+02
+8.827260870e+08,-1.039502716e+02
+8.848978261e+08,-1.038542252e+02
+8.870695652e+08,-1.033128662e+02
+8.892413043e+08,-1.030283279e+02
+8.914130435e+08,-1.023758011e+02
+8.935847826e+08,-1.031573639e+02
+8.957565217e+08,-1.030319977e+02
+8.979282609e+08,-1.033891907e+02
+9.001000000e+08,-1.036702423e+02
+9.022717391e+08,-1.027998810e+02
+9.044434783e+08,-1.036588745e+02
+9.066152174e+08,-1.033656845e+02
+9.087869565e+08,-1.027260742e+02
+9.109586957e+08,-1.037902222e+02
+9.131304348e+08,-1.025459442e+02
+9.153021739e+08,-1.029644318e+02
+9.174739130e+08,-1.025828857e+02
+9.196456522e+08,-1.042151260e+02
+9.218173913e+08,-1.024204559e+02
+9.239891304e+08,-1.034671097e+02
+9.261608696e+08,-9.089407349e+01
+9.283326087e+08,-8.986390686e+01
+9.305043478e+08,-1.031649399e+02
+9.326760870e+08,-1.001874695e+02
+9.348478261e+08,-7.371411133e+01
+9.370195652e+08,-7.400385284e+01
+9.391913043e+08,-9.431625366e+01
+9.413630435e+08,-9.228620911e+01
+9.435347826e+08,-7.394014740e+01
+9.457065217e+08,-6.879616547e+01
+9.478782609e+08,-8.469087982e+01
+9.500500000e+08,-9.171387482e+01
+9.522217391e+08,-9.826813507e+01
+9.543934783e+08,-9.831943512e+01
+9.565652174e+08,-1.003624115e+02
+9.587369565e+08,-1.011372375e+02
+9.609086957e+08,-1.035831909e+02
+9.630804348e+08,-1.031325378e+02
+9.652521739e+08,-1.029559708e+02
+9.674239130e+08,-1.035358429e+02
+9.695956522e+08,-1.026554337e+02
+9.717673913e+08,-1.024431000e+02
+9.739391304e+08,-1.032353210e+02
+9.761108696e+08,-1.028164825e+02
+9.782826087e+08,-1.037242737e+02
+9.804543478e+08,-1.032706299e+02
+9.826260870e+08,-1.021511078e+02
+9.847978261e+08,-1.021887665e+02
+9.869695652e+08,-1.040192795e+02
+9.891413043e+08,-1.026965027e+02
+9.913130435e+08,-1.027723465e+02
+9.934847826e+08,-1.033141479e+02
+9.956565217e+08,-1.037062302e+02
+9.978282609e+08,-1.032797623e+02
+1.000000000e+09,-1.030467758e+02

