+3.272750000e+08,-1.036617813e+02
+3.272755435e+08,-1.048693466e+02
+3.272760870e+08,-1.053089523e+02
+3.272766304e+08,-1.054448013e+02
+3.272771739e+08,-1.052151947e+02
+3.272777174e+08,-1.063587570e+02
+3.272782609e+08,-1.047558823e+02
+3.272788043e+08,-1.039224777e+02
+3.272793478e+08,-1.056913147e+02
+3.272798913e+08,-1.059358215e+02
+3.272804348e+08,-1.050576935e+02
+3.272809783e+08,-1.054942856e+02
+3.272815217e+08,-1.046047058e+02
+3.272820652e+08,-1.030431519e+02
+3.272826087e+08,-1.041646118e+02
+3.272831522e+08,-1.056795731e+02
+3.272836957e+08,-1.031230698e+02
+3.272842391e+08,-1.052678452e+02
+3.272847826e+08,-1.043754883e+02
+3.272853261e+08,-1.045814438e+02
+3.272858696e+08,-1.052457733e+02
+3.272864130e+08,-1.036014709e+02
+3.272869565e+08,-1.052815552e+02
+3.272875000e+08,-1.041781311e+02
+3.272880435e+08,-1.051492691e+02
+3.272885870e+08,-1.037671814e+02
+3.272891304e+08,-1.055152740e+02
+3.272896739e+08,-1.054483185e+02
+3.272902174e+08,-1.054660187e+02
+3.272907609e+08,-1.046113205e+02
+3.272913043e+08,-1.053664932e+02
+3.272918478e+08,-1.054621887e+02
+3.272923913e+08,-1.052293015e+02
+3.272929348e+08,-1.055571899e+02
+3.272934783e+08,-1.046909180e+02
+3.272940217e+08,-1.021726151e+02
+3.272945652e+08,-1.058312988e+02
+3.272951087e+08,-1.053839340e+02
+3.272956522e+08,-1.048458710e+02
+3.272961957e+08,-1.048026733e+02
+3.272967391e+08,-1.049934464e+02
+3.272972826e+08,-1.033098679e+02
+3.272978261e+08,-1.031161804e+02
+3.272983696e+08,-1.048440247e+02
+3.272989130e+08,-1.037912750e+02
+3.272994565e+08,-1.045095825e+02
+3.273000000e+08,-1.031064301e+02
+3.273005435e+08,-1.037385788e+02
+3.273010870e+08,-1.050958939e+02
+3.273016304e+08,-1.051332855e+02
+3.273021739e+08,-1.046991806e+02
+3.273027174e+08,-1.046390533e+02
+3.273032609e+08,-1.052316360e+02
+3.273038043e+08,-1.043152390e+02
+3.273043478e+08,-1.052300034e+02
+3.273048913e+08,-1.041525803e+02
+3.273054348e+08,-1.034653549e+02
+3.273059783e+08,-1.037154007e+02
+3.273065217e+08,-1.043274765e+02
+3.273070652e+08,-1.041788788e+02
+3.273076087e+08,-1.051606979e+02
+3.273081522e+08,-1.043920517e+02
+3.273086957e+08,-1.048175507e+02
+3.273092391e+08,-1.037958145e+02
+3.273097826e+08,-1.035996323e+02
+3.273103261e+08,-1.056737518e+02
+3.273108696e+08,-1.048540878e+02
+3.273114130e+08,-1.047278214e+02
+3.273119565e+08,-1.043709030e+02
+3.273125000e+08,-1.044889297e+02
+3.273130435e+08,-1.050721741e+02
+3.273135870e+08,-1.038536682e+02
+3.273141304e+08,-1.046548767e+02
+3.273146739e+08,-1.052451553e+02
+3.273152174e+08,-1.036745377e+02
+3.273157609e+08,-1.054397430e+02
+3.273163043e+08,-1.034885559e+02
+3.273168478e+08,-1.058714600e+02
+3.273173913e+08,-1.045200272e+02
+3.273179348e+08,-1.027609940e+02
+3.273184783e+08,-1.038732300e+02
+3.273190217e+08,-1.035969620e+02
+3.273195652e+08,-1.006097565e+02
+3.273201087e+08,-1.037830887e+02
+3.273206522e+08,-1.038669205e+02
+3.273211957e+08,-1.049399719e+02
+3.273217391e+08,-1.054985428e+02
+3.273222826e+08,-1.043927155e+02
+3.273228261e+08,-1.036502838e+02
+3.273233696e+08,-1.052947083e+02
+3.273239130e+08,-1.035065842e+02
+3.273244565e+08,-1.055492249e+02
+3.273250000e+08,-1.023512802e+02
+3.273255435e+08,-1.031066284e+02
+3.273260870e+08,-1.054687881e+02
+3.273266304e+08,-1.058888245e+02
+3.273271739e+08,-1.041484451e+02
+3.273277174e+08,-1.033630753e+02
+3.273282609e+08,-1.057122726e+02
+3.273288043e+08,-1.045037689e+02
+3.273293478e+08,-1.056142654e+02
+3.273298913e+08,-1.043951340e+02
+3.273304348e+08,-1.052756805e+02
+3.273309783e+08,-1.037612076e+02
+3.273315217e+08,-1.039545822e+02
+3.273320652e+08,-1.049521103e+02
+3.273326087e+08,-1.031260223e+02
+3.273331522e+08,-1.039090424e+02
+3.273336957e+08,-1.042157822e+02
+3.273342391e+08,-1.044892654e+02
+3.273347826e+08,-1.021801453e+02
+3.273353261e+08,-1.033642502e+02
+3.273358696e+08,-1.058632660e+02
+3.273364130e+08,-1.050147171e+02
+3.273369565e+08,-1.040160446e+02
+3.273375000e+08,-1.033722382e+02
+3.273380435e+08,-1.043432922e+02
+3.273385870e+08,-1.033401260e+02
+3.273391304e+08,-1.047944717e+02
+3.273396739e+08,-1.052871246e+02
+3.273402174e+08,-1.019414368e+02
+3.273407609e+08,-1.039388885e+02
+3.273413043e+08,-1.048230972e+02
+3.273418478e+08,-1.040919571e+02
+3.273423913e+08,-1.051460800e+02
+3.273429348e+08,-1.045862045e+02
+3.273434783e+08,-1.037046661e+02
+3.273440217e+08,-1.047204208e+02
+3.273445652e+08,-1.030587921e+02
+3.273451087e+08,-1.054180756e+02
+3.273456522e+08,-1.039891968e+02
+3.273461957e+08,-1.054628143e+02
+3.273467391e+08,-1.046840744e+02
+3.273472826e+08,-1.044726791e+02
+3.273478261e+08,-1.056499786e+02
+3.273483696e+08,-1.036119995e+02
+3.273489130e+08,-1.035193176e+02
+3.273494565e+08,-1.053293839e+02
+3.273500000e+08,-1.049891815e+02
+3.273505435e+08,-1.051059952e+02
+3.273510870e+08,-1.046043854e+02
+3.273516304e+08,-1.044525070e+02
+3.273521739e+08,-1.057267151e+02
+3.273527174e+08,-1.036901550e+02
+3.273532609e+08,-1.027272034e+02
+3.273538043e+08,-1.032144928e+02
+3.273543478e+08,-1.044339523e+02
+3.273548913e+08,-1.034490891e+02
+3.273554348e+08,-1.046471405e+02
+3.273559783e+08,-1.046029663e+02
+3.273565217e+08,-1.044573135e+02
+3.273570652e+08,-1.036374817e+02
+3.273576087e+08,-1.034843674e+02
+3.273581522e+08,-1.039872208e+02
+3.273586957e+08,-1.036592102e+02
+3.273592391e+08,-1.035811996e+02
+3.273597826e+08,-1.039736633e+02
+3.273603261e+08,-1.054159393e+02
+3.273608696e+08,-1.041925812e+02
+3.273614130e+08,-1.042125397e+02
+3.273619565e+08,-1.046820374e+02
+3.273625000e+08,-1.035272827e+02
+3.273630435e+08,-1.018128281e+02
+3.273635870e+08,-1.061635971e+02
+3.273641304e+08,-1.059252853e+02
+3.273646739e+08,-1.050545807e+02
+3.273652174e+08,-1.026725235e+02
+3.273657609e+08,-1.052052917e+02
+3.273663043e+08,-1.035837326e+02
+3.273668478e+08,-1.051836700e+02
+3.273673913e+08,-1.050572891e+02
+3.273679348e+08,-1.031966934e+02
+3.273684783e+08,-1.041463547e+02
+3.273690217e+08,-1.033797531e+02
+3.273695652e+08,-1.045869751e+02
+3.273701087e+08,-1.045434113e+02
+3.273706522e+08,-1.050859528e+02
+3.273711957e+08,-1.031931381e+02
+3.273717391e+08,-1.045929718e+02
+3.273722826e+08,-1.046155319e+02
+3.273728261e+08,-1.036069489e+02
+3.273733696e+08,-1.056853180e+02
+3.273739130e+08,-1.048531723e+02
+3.273744565e+08,-1.058771744e+02
+3.273750000e+08,-1.052663116e+02
+3.273755435e+08,-1.040743027e+02
+3.273760870e+08,-1.043520508e+02
+3.273766304e+08,-1.053610764e+02
+3.273771739e+08,-1.038825073e+02
+3.273777174e+08,-1.035717239e+02
+3.273782609e+08,-1.051027679e+02
+3.273788043e+08,-1.042421951e+02
+3.273793478e+08,-1.057655792e+02
+3.273798913e+08,-1.063848343e+02
+3.273804348e+08,-1.045998230e+02
+3.273809783e+08,-1.052920303e+02
+3.273815217e+08,-1.051673737e+02
+3.273820652e+08,-1.031792221e+02
+3.273826087e+08,-1.044941406e+02
+3.273831522e+08,-1.041816025e+02
+3.273836957e+08,-1.049105225e+02
+3.273842391e+08,-1.054258041e+02
+3.273847826e+08,-1.031027527e+02
+3.273853261e+08,-1.052731628e+02
+3.273858696e+08,-1.053820038e+02
+3.273864130e+08,-1.051530609e+02
+3.273869565e+08,-1.042777634e+02
+3.273875000e+08,-1.033157959e+02
+3.273880435e+08,-1.040318909e+02
+3.273885870e+08,-1.013400574e+02
+3.273891304e+08,-1.054095230e+02
+3.273896739e+08,-1.034343567e+02
+3.273902174e+08,-1.054483643e+02
+3.273907609e+08,-1.045185089e+02
+3.273913043e+08,-1.056561584e+02
+3.273918478e+08,-1.036938019e+02
+3.273923913e+08,-1.044355011e+02
+3.273929348e+08,-1.053758469e+02
+3.273934783e+08,-1.044780807e+02
+3.273940217e+08,-1.037886353e+02
+3.273945652e+08,-1.050912094e+02
+3.273951087e+08,-1.051286316e+02
+3.273956522e+08,-1.054035034e+02
+3.273961957e+08,-1.054972153e+02
+3.273967391e+08,-1.035962372e+02
+3.273972826e+08,-1.021563797e+02
+3.273978261e+08,-1.040540237e+02
+3.273983696e+08,-1.027441711e+02
+3.273989130e+08,-1.057026062e+02
+3.273994565e+08,-1.022728119e+02
+3.274000000e+08,-1.053925095e+02
+3.274005435e+08,-1.039584732e+02
+3.274010870e+08,-1.039578400e+02
+3.274016304e+08,-1.061922073e+02
+3.274021739e+08,-1.035415268e+02
+3.274027174e+08,-1.054288177e+02
+3.274032609e+08,-1.038131332e+02
+3.274038043e+08,-1.047011719e+02
+3.274043478e+08,-1.049805984e+02
+3.274048913e+08,-1.037215805e+02
+3.274054348e+08,-1.042588196e+02
+3.274059783e+08,-1.048774185e+02
+3.274065217e+08,-1.035224228e+02
+3.274070652e+08,-1.058058548e+02
+3.274076087e+08,-1.056434021e+02
+3.274081522e+08,-1.047246399e+02
+3.274086957e+08,-1.052184906e+02
+3.274092391e+08,-1.048860168e+02
+3.274097826e+08,-1.047573700e+02
+3.274103261e+08,-1.051361694e+02
+3.274108696e+08,-9.661383057e+01
+3.274114130e+08,-1.036329422e+02
+3.274119565e+08,-1.045067139e+02
+3.274125000e+08,-1.035110321e+02
+3.274130435e+08,-1.049416962e+02
+3.274135870e+08,-1.053971786e+02
+3.274141304e+08,-1.053407745e+02
+3.274146739e+08,-1.023017960e+02
+3.274152174e+08,-1.050604858e+02
+3.274157609e+08,-1.039292679e+02
+3.274163043e+08,-1.043151245e+02
+3.274168478e+08,-1.048637619e+02
+3.274173913e+08,-1.050326309e+02
+3.274179348e+08,-1.034768600e+02
+3.274184783e+08,-1.045754852e+02
+3.274190217e+08,-1.055278702e+02
+3.274195652e+08,-1.047325439e+02
+3.274201087e+08,-1.023283691e+02
+3.274206522e+08,-1.027096405e+02
+3.274211957e+08,-1.054226685e+02
+3.274217391e+08,-1.038408203e+02
+3.274222826e+08,-1.044875183e+02
+3.274228261e+08,-1.062238235e+02
+3.274233696e+08,-1.054805679e+02
+3.274239130e+08,-1.051434326e+02
+3.274244565e+08,-1.003308868e+02
+3.274250000e+08,-1.033490829e+02
+3.274255435e+08,-1.054420547e+02
+3.274260870e+08,-1.044748154e+02
+3.274266304e+08,-1.054871597e+02
+3.274271739e+08,-1.037336655e+02
+3.274277174e+08,-1.052061768e+02
+3.274282609e+08,-1.046310806e+02
+3.274288043e+08,-1.030802536e+02
+3.274293478e+08,-1.037085419e+02
+3.274298913e+08,-1.040794754e+02
+3.274304348e+08,-1.054323654e+02
+3.274309783e+08,-1.031311264e+02
+3.274315217e+08,-1.060347900e+02
+3.274320652e+08,-1.055869064e+02
+3.274326087e+08,-1.060026932e+02
+3.274331522e+08,-1.048468399e+02
+3.274336957e+08,-1.050833588e+02
+3.274342391e+08,-1.040639038e+02
+3.274347826e+08,-1.047964020e+02
+3.274353261e+08,-1.046901321e+02
+3.274358696e+08,-1.041185837e+02
+3.274364130e+08,-1.046816788e+02
+3.274369565e+08,-1.051728210e+02
+3.274375000e+08,-1.052592010e+02
+3.274380435e+08,-1.048007660e+02
+3.274385870e+08,-1.043552551e+02
+3.274391304e+08,-1.056752625e+02
+3.274396739e+08,-1.059431992e+02
+3.274402174e+08,-1.054116592e+02
+3.274407609e+08,-1.044648743e+02
+3.274413043e+08,-1.038508224e+02
+3.274418478e+08,-1.055609283e+02
+3.274423913e+08,-1.056720734e+02
+3.274429348e+08,-1.041083603e+02
+3.274434783e+08,-1.034323502e+02
+3.274440217e+08,-1.053326187e+02
+3.274445652e+08,-1.037671051e+02
+3.274451087e+08,-1.035360794e+02
+3.274456522e+08,-1.051627655e+02
+3.274461957e+08,-1.004354630e+02
+3.274467391e+08,-1.037827454e+02
+3.274472826e+08,-1.050566711e+02
+3.274478261e+08,-1.045701523e+02
+3.274483696e+08,-1.041736298e+02
+3.274489130e+08,-1.039512024e+02
+3.274494565e+08,-1.049845810e+02
+3.274500000e+08,-1.048213348e+02
+3.274505435e+08,-1.055489426e+02
+3.274510870e+08,-9.882051086e+01
+3.274516304e+08,-1.027112808e+02
+3.274521739e+08,-1.045097885e+02
+3.274527174e+08,-1.035719681e+02
+3.274532609e+08,-1.049998627e+02
+3.274538043e+08,-1.047125015e+02
+3.274543478e+08,-1.057414551e+02
+3.274548913e+08,-1.049624023e+02
+3.274554348e+08,-9.673862457e+01
+3.274559783e+08,-1.046008911e+02
+3.274565217e+08,-1.051705551e+02
+3.274570652e+08,-1.033402176e+02
+3.274576087e+08,-1.042742081e+02
+3.274581522e+08,-1.044798660e+02
+3.274586957e+08,-1.044113464e+02
+3.274592391e+08,-1.063299179e+02
+3.274597826e+08,-1.056664658e+02
+3.274603261e+08,-1.065992279e+02
+3.274608696e+08,-1.048326721e+02
+3.274614130e+08,-1.057640152e+02
+3.274619565e+08,-1.064442368e+02
+3.274625000e+08,-1.023940125e+02
+3.274630435e+08,-1.039589386e+02
+3.274635870e+08,-1.039098969e+02
+3.274641304e+08,-1.045116348e+02
+3.274646739e+08,-1.052900620e+02
+3.274652174e+08,-1.043710861e+02
+3.274657609e+08,-1.035652237e+02
+3.274663043e+08,-1.040875549e+02
+3.274668478e+08,-1.042057953e+02
+3.274673913e+08,-1.046323547e+02
+3.274679348e+08,-1.033592682e+02
+3.274684783e+08,-1.047080231e+02
+3.274690217e+08,-1.049730377e+02
+3.274695652e+08,-1.033008270e+02
+3.274701087e+08,-1.032658920e+02
+3.274706522e+08,-1.051033173e+02
+3.274711957e+08,-1.038265762e+02
+3.274717391e+08,-1.058275223e+02
+3.274722826e+08,-1.053472748e+02
+3.274728261e+08,-1.039773560e+02
+3.274733696e+08,-1.056952133e+02
+3.274739130e+08,-1.052143555e+02
+3.274744565e+08,-1.046789322e+02
+3.274750000e+08,-1.050636749e+02
+3.274755435e+08,-1.049129181e+02
+3.274760870e+08,-1.064440308e+02
+3.274766304e+08,-1.037981415e+02
+3.274771739e+08,-1.044027100e+02
+3.274777174e+08,-1.049136429e+02
+3.274782609e+08,-1.026718597e+02
+3.274788043e+08,-1.046221848e+02
+3.274793478e+08,-1.049864502e+02
+3.274798913e+08,-1.048477631e+02
+3.274804348e+08,-1.043663559e+02
+3.274809783e+08,-1.038901825e+02
+3.274815217e+08,-1.046897430e+02
+3.274820652e+08,-1.039854355e+02
+3.274826087e+08,-1.047430115e+02
+3.274831522e+08,-1.008474426e+02
+3.274836957e+08,-1.049643173e+02
+3.274842391e+08,-1.056424561e+02
+3.274847826e+08,-1.033701172e+02
+3.274853261e+08,-1.051794815e+02
+3.274858696e+08,-1.065174866e+02
+3.274864130e+08,-1.045904007e+02
+3.274869565e+08,-1.044083405e+02
+3.274875000e+08,-1.056157455e+02
+3.274880435e+08,-1.049197006e+02
+3.274885870e+08,-1.047333374e+02
+3.274891304e+08,-1.051842117e+02
+3.274896739e+08,-1.042060242e+02
+3.274902174e+08,-1.049599457e+02
+3.274907609e+08,-1.040204086e+02
+3.274913043e+08,-1.048459854e+02
+3.274918478e+08,-1.046878891e+02
+3.274923913e+08,-1.047466888e+02
+3.274929348e+08,-1.042165756e+02
+3.274934783e+08,-1.019664078e+02
+3.274940217e+08,-1.045749283e+02
+3.274945652e+08,-1.047024384e+02
+3.274951087e+08,-1.030397873e+02
+3.274956522e+08,-1.047455444e+02
+3.274961957e+08,-1.041330643e+02
+3.274967391e+08,-1.028627167e+02
+3.274972826e+08,-1.034771805e+02
+3.274978261e+08,-1.060398865e+02
+3.274983696e+08,-1.045919342e+02
+3.274989130e+08,-1.050415039e+02
+3.274994565e+08,-1.045076447e+02
+3.275000000e+08,-1.043261490e+02
+3.275005435e+08,-1.053282166e+02
+3.275010870e+08,-1.057699585e+02
+3.275016304e+08,-1.048731689e+02
+3.275021739e+08,-1.039595337e+02
+3.275027174e+08,-1.041936111e+02
+3.275032609e+08,-1.045320129e+02
+3.275038043e+08,-1.037632446e+02
+3.275043478e+08,-1.054139023e+02
+3.275048913e+08,-1.044272385e+02
+3.275054348e+08,-1.061345444e+02
+3.275059783e+08,-1.033837509e+02
+3.275065217e+08,-1.057981873e+02
+3.275070652e+08,-1.047906494e+02
+3.275076087e+08,-1.043944931e+02
+3.275081522e+08,-1.047482376e+02
+3.275086957e+08,-1.048752213e+02
+3.275092391e+08,-1.043769531e+02
+3.275097826e+08,-1.058594971e+02
+3.275103261e+08,-1.043341675e+02
+3.275108696e+08,-1.048707352e+02
+3.275114130e+08,-1.045827942e+02
+3.275119565e+08,-1.037931137e+02
+3.275125000e+08,-1.027030258e+02
+3.275130435e+08,-1.045656281e+02
+3.275135870e+08,-1.042518921e+02
+3.275141304e+08,-1.038147049e+02
+3.275146739e+08,-1.044491730e+02
+3.275152174e+08,-1.033079300e+02
+3.275157609e+08,-1.037907104e+02
+3.275163043e+08,-1.038933716e+02
+3.275168478e+08,-1.033211517e+02
+3.275173913e+08,-1.040916290e+02
+3.275179348e+08,-1.058429947e+02
+3.275184783e+08,-1.044904480e+02
+3.275190217e+08,-1.039177475e+02
+3.275195652e+08,-1.050688477e+02
+3.275201087e+08,-1.048707047e+02
+3.275206522e+08,-1.059733200e+02
+3.275211957e+08,-1.069977570e+02
+3.275217391e+08,-1.053818741e+02
+3.275222826e+08,-1.047439346e+02
+3.275228261e+08,-1.033921127e+02
+3.275233696e+08,-1.043261566e+02
+3.275239130e+08,-1.046789780e+02
+3.275244565e+08,-1.056558990e+02
+3.275250000e+08,-1.044756622e+02

