+1.000000000e+06,-7.812348938e+01
+3.171739130e+06,-8.127871704e+01
+5.343478261e+06,-8.063858795e+01
+7.515217391e+06,-8.594003296e+01
+9.686956522e+06,-8.021164703e+01
+1.185869565e+07,-7.808139801e+01
+1.403043478e+07,-7.994739532e+01
+1.620217391e+07,-7.793993378e+01
+1.837391304e+07,-6.782319641e+01
+2.054565217e+07,-6.554714966e+01
+2.271739130e+07,-7.271931458e+01
+2.488913043e+07,-7.632318115e+01
+2.706086957e+07,-7.643304443e+01
+2.923260870e+07,-8.217480469e+01
+3.140434783e+07,-8.181003571e+01
+3.357608696e+07,-8.237272644e+01
+3.574782609e+07,-8.453660583e+01
+3.791956522e+07,-8.502222443e+01
+4.009130435e+07,-8.045544434e+01
+4.226304348e+07,-8.516213226e+01
+4.443478261e+07,-8.240391541e+01
+4.660652174e+07,-8.227062225e+01
+4.877826087e+07,-8.949944305e+01
+5.095000000e+07,-8.343884277e+01
+5.312173913e+07,-8.303751373e+01
+5.529347826e+07,-7.777687836e+01
+5.746521739e+07,-8.150483704e+01
+5.963695652e+07,-7.935714722e+01
+6.180869565e+07,-8.161489868e+01
+6.398043478e+07,-8.413781738e+01
+6.615217391e+07,-8.702995300e+01
+6.832391304e+07,-9.044599915e+01
+7.049565217e+07,-9.086507416e+01
+7.266739130e+07,-9.048985291e+01
+7.483913043e+07,-8.976535034e+01
+7.701086957e+07,-8.736981201e+01
+7.918260870e+07,-9.360656738e+01
+8.135434783e+07,-9.457429504e+01
+8.352608696e+07,-8.514774323e+01
+8.569782609e+07,-9.061365509e+01
+8.786956522e+07,-8.892184448e+01
+9.004130435e+07,-9.572281647e+01
+9.221304348e+07,-7.463041687e+01
+9.438478261e+07,-7.411676025e+01
+9.655652174e+07,-7.566808319e+01
+9.872826087e+07,-7.670970154e+01
+1.009000000e+08,-9.964964294e+01
+1.030717391e+08,-1.005455933e+02
+1.052434783e+08,-1.007899246e+02
+1.074152174e+08,-9.763203430e+01
+1.095869565e+08,-1.012547379e+02
+1.117586957e+08,-9.680644989e+01
+1.139304348e+08,-9.966036987e+01
+1.161021739e+08,-1.008259811e+02
+1.182739130e+08,-1.031869507e+02
+1.204456522e+08,-8.976232910e+01
+1.226173913e+08,-1.040232315e+02
+1.247891304e+08,-1.025390778e+02
+1.269608696e+08,-1.032649536e+02
+1.291326087e+08,-1.038613739e+02
+1.313043478e+08,-1.038539276e+02
+1.334760870e+08,-9.204335785e+01
+1.356478261e+08,-1.036968231e+02
+1.378195652e+08,-1.011252518e+02
+1.399913043e+08,-9.886531830e+01
+1.421630435e+08,-1.005380173e+02
+1.443347826e+08,-9.818525696e+01
+1.465065217e+08,-1.005310287e+02
+1.486782609e+08,-9.963689423e+01
+1.508500000e+08,-9.928347778e+01
+1.530217391e+08,-1.020624084e+02
+1.551934783e+08,-1.014344940e+02
+1.573652174e+08,-1.039542694e+02
+1.595369565e+08,-1.025222473e+02
+1.617086957e+08,-9.816506195e+01
+1.638804348e+08,-1.041663818e+02
+1.660521739e+08,-1.023969650e+02
+1.682239130e+08,-7.704306030e+01
+1.703956522e+08,-1.042196808e+02
+1.725673913e+08,-1.005036469e+02
+1.747391304e+08,-1.027960587e+02
+1.769108696e+08,-9.982498169e+01
+1.790826087e+08,-1.033780899e+02
+1.812543478e+08,-9.699320984e+01
+1.834260870e+08,-1.037033386e+02
+1.855978261e+08,-1.026825180e+02
+1.877695652e+08,-1.028085098e+02
+1.899413043e+08,-1.036664734e+02
+1.921130435e+08,-9.577597809e+01
+1.942847826e+08,-1.033085022e+02
+1.964565217e+08,-1.039203796e+02
+1.986282609e+08,-1.030558624e+02
+2.008000000e+08,-8.811763763e+01
+2.029717391e+08,-9.953431702e+01
+2.051434783e+08,-1.035777512e+02
+2.073152174e+08,-1.023427582e+02
+2.094869565e+08,-9.981079102e+01
+2.116586957e+08,-1.023468704e+02
+2.138304348e+08,-1.029570465e+02
+2.160021739e+08,-9.911720276e+01
+2.181739130e+08,-1.034933167e+02
+2.203456522e+08,-9.940348816e+01
+2.225173913e+08,-1.032380371e+02
+2.246891304e+08,-1.039348831e+02
+2.268608696e+08,-1.031876831e+02
+2.290326087e+08,-1.031755676e+02
+2.312043478e+08,-1.034387207e+02
+2.333760870e+08,-1.001904297e+02
+2.355478261e+08,-1.029486771e+02
+2.377195652e+08,-1.026087799e+02
+2.398913043e+08,-9.291588593e+01
+2.420630435e+08,-1.000915222e+02
+2.442347826e+08,-1.027865372e+02
+2.464065217e+08,-1.034757309e+02
+2.485782609e+08,-1.024239502e+02
+2.507500000e+08,-9.849592590e+01
+2.529217391e+08,-1.023552399e+02
+2.550934783e+08,-9.740814209e+01
+2.572652174e+08,-1.012968063e+02
+2.594369565e+08,-9.637107849e+01
+2.616086957e+08,-1.014142532e+02
+2.637804348e+08,-1.004255676e+02
+2.659521739e+08,-9.970510864e+01
+2.681239130e+08,-1.005925293e+02
+2.702956522e+08,-9.941750336e+01
+2.724673913e+08,-1.041184845e+02
+2.746391304e+08,-1.035566483e+02
+2.768108696e+08,-1.024447937e+02
+2.789826087e+08,-1.022774582e+02
+2.811543478e+08,-1.030639496e+02
+2.833260870e+08,-1.030060196e+02
+2.854978261e+08,-1.027101593e+02
+2.876695652e+08,-1.011045074e+02
+2.898413043e+08,-1.016680908e+02
+2.920130435e+08,-1.018291702e+02
+2.941847826e+08,-1.028025818e+02
+2.963565217e+08,-1.035812607e+02
+2.985282609e+08,-1.013411179e+02
+3.007000000e+08,-9.685588074e+01
+3.028717391e+08,-1.012327347e+02
+3.050434783e+08,-1.039165802e+02
+3.072152174e+08,-1.038219910e+02
+3.093869565e+08,-1.019989929e+02
+3.115586957e+08,-1.031860580e+02
+3.137304348e+08,-1.025820389e+02
+3.159021739e+08,-1.031044083e+02
+3.180739130e+08,-1.037820358e+02
+3.202456522e+08,-1.031157684e+02
+3.224173913e+08,-1.024766769e+02
+3.245891304e+08,-1.038374100e+02
+3.267608696e+08,-1.026272736e+02
+3.289326087e+08,-1.030705414e+02
+3.311043478e+08,-1.034237366e+02
+3.332760870e+08,-1.037840729e+02
+3.354478261e+08,-1.009472580e+02
+3.376195652e+08,-1.022433701e+02
+3.397913043e+08,-1.022362900e+02
+3.419630435e+08,-1.030910797e+02
+3.441347826e+08,-1.028261337e+02
+3.463065217e+08,-1.035887756e+02
+3.484782609e+08,-1.026379547e+02
+3.506500000e+08,-1.029189377e+02
+3.528217391e+08,-1.023823471e+02
+3.549934783e+08,-1.018877869e+02
+3.571652174e+08,-9.753804779e+01
+3.593369565e+08,-1.033728256e+02
+3.615086957e+08,-1.028707199e+02
+3.636804348e+08,-1.031803665e+02
+3.658521739e+08,-9.418219757e+01
+3.680239130e+08,-1.016063995e+02
+3.701956522e+08,-1.031423798e+02
+3.723673913e+08,-1.022963715e+02
+3.745391304e+08,-1.035230713e+02
+3.767108696e+08,-1.024709625e+02
+3.788826087e+08,-1.034848099e+02
+3.810543478e+08,-9.889379883e+01
+3.832260870e+08,-1.009004288e+02
+3.853978261e+08,-9.920098114e+01
+3.875695652e+08,-1.021727448e+02
+3.897413043e+08,-9.679320526e+01
+3.919130435e+08,-1.011577606e+02
+3.940847826e+08,-9.654608917e+01
+3.962565217e+08,-9.714101410e+01
+3.984282609e+08,-9.836112976e+01
+4.006000000e+08,-9.871183014e+01
+4.027717391e+08,-1.033826294e+02
+4.049434783e+08,-1.036422729e+02
+4.071152174e+08,-1.033099136e+02
+4.092869565e+08,-1.020555573e+02
+4.114586957e+08,-1.027833557e+02
+4.136304348e+08,-1.022404709e+02
+4.158021739e+08,-1.030417099e+02
+4.179739130e+08,-1.032741394e+02
+4.201456522e+08,-1.025560760e+02
+4.223173913e+08,-1.030333481e+02
+4.244891304e+08,-1.034989624e+02
+4.266608696e+08,-1.038619537e+02
+4.288326087e+08,-1.030460968e+02
+4.310043478e+08,-1.002462311e+02
+4.331760870e+08,-1.020260315e+02
+4.353478261e+08,-1.044590988e+02
+4.375195652e+08,-1.031424103e+02
+4.396913043e+08,-1.043108063e+02
+4.418630435e+08,-1.043615570e+02
+4.440347826e+08,-1.037207336e+02
+4.462065217e+08,-1.039043198e+02
+4.483782609e+08,-1.034387436e+02
+4.505500000e+08,-1.040877075e+02
+4.527217391e+08,-1.040262985e+02
+4.548934783e+08,-1.034321594e+02
+4.570652174e+08,-1.035182877e+02
+4.592369565e+08,-1.042664795e+02
+4.614086957e+08,-1.044093857e+02
+4.635804348e+08,-9.552890778e+01
+4.657521739e+08,-9.417579651e+01
+4.679239130e+08,-1.045644913e+02
+4.700956522e+08,-1.040759583e+02
+4.722673913e+08,-1.038624878e+02
+4.744391304e+08,-1.029445114e+02
+4.766108696e+08,-1.034620285e+02
+4.787826087e+08,-1.030809402e+02
+4.809543478e+08,-1.038353577e+02
+4.831260870e+08,-1.032479095e+02
+4.852978261e+08,-1.033451614e+02
+4.874695652e+08,-1.041713791e+02
+4.896413043e+08,-1.013776016e+02
+4.918130435e+08,-1.049009171e+02
+4.939847826e+08,-1.043005371e+02
+4.961565217e+08,-1.040142746e+02
+4.983282609e+08,-1.035489578e+02
+5.005000000e+08,-9.342805481e+01
+5.026717391e+08,-1.042055588e+02
+5.048434783e+08,-1.041081924e+02
+5.070152174e+08,-1.041857224e+02
+5.091869565e+08,-1.033558044e+02
+5.113586957e+08,-1.044408112e+02
+5.135304348e+08,-1.037921295e+02
+5.157021739e+08,-1.035346680e+02
+5.178739130e+08,-1.048013687e+02
+5.200456522e+08,-1.023220215e+02
+5.222173913e+08,-1.028033524e+02
+5.243891304e+08,-1.037139130e+02
+5.265608696e+08,-1.044939880e+02
+5.287326087e+08,-1.012535400e+02
+5.309043478e+08,-1.048629074e+02
+5.330760870e+08,-1.040600204e+02
+5.352478261e+08,-1.037310410e+02
+5.374195652e+08,-1.044909363e+02
+5.395913043e+08,-1.039380188e+02
+5.417630435e+08,-1.041730957e+02
+5.439347826e+08,-1.038921204e+02
+5.461065217e+08,-1.043031387e+02
+5.482782609e+08,-1.030903778e+02
+5.504500000e+08,-9.975646973e+01
+5.526217391e+08,-1.015986023e+02
+5.547934783e+08,-1.033468552e+02
+5.569652174e+08,-1.029929962e+02
+5.591369565e+08,-1.040197449e+02
+5.613086957e+08,-1.051528320e+02
+5.634804348e+08,-1.044204483e+02
+5.656521739e+08,-1.041637726e+02
+5.678239130e+08,-1.044156265e+02
+5.699956522e+08,-1.054800186e+02
+5.721673913e+08,-1.046291962e+02
+5.743391304e+08,-1.040814590e+02
+5.765108696e+08,-1.037561340e+02
+5.786826087e+08,-1.046346512e+02
+5.808543478e+08,-1.046619186e+02
+5.830260870e+08,-1.035830154e+02
+5.851978261e+08,-1.031052399e+02
+5.873695652e+08,-1.047838440e+02
+5.895413043e+08,-1.044293518e+02
+5.917130435e+08,-1.040869217e+02
+5.938847826e+08,-1.038431244e+02
+5.960565217e+08,-1.046356506e+02
+5.982282609e+08,-1.032428284e+02
+6.004000000e+08,-1.031654205e+02
+6.025717391e+08,-1.009755173e+02
+6.047434783e+08,-1.010693970e+02
+6.069152174e+08,-1.043536606e+02
+6.090869565e+08,-1.050422974e+02
+6.112586957e+08,-1.048065567e+02
+6.134304348e+08,-1.036303329e+02
+6.156021739e+08,-1.022723083e+02
+6.177739130e+08,-1.027813492e+02
+6.199456522e+08,-1.038442383e+02
+6.221173913e+08,-1.044238434e+02
+6.242891304e+08,-1.043645935e+02
+6.264608696e+08,-1.037520523e+02
+6.286326087e+08,-1.040465546e+02
+6.308043478e+08,-1.042147980e+02
+6.329760870e+08,-1.026209869e+02
+6.351478261e+08,-1.039845810e+02
+6.373195652e+08,-1.046794128e+02
+6.394913043e+08,-1.041719818e+02
+6.416630435e+08,-1.038808746e+02
+6.438347826e+08,-1.056021271e+02
+6.460065217e+08,-1.035583801e+02
+6.481782609e+08,-1.039488297e+02
+6.503500000e+08,-1.040537872e+02
+6.525217391e+08,-1.044399643e+02
+6.546934783e+08,-1.052431030e+02
+6.568652174e+08,-1.047349396e+02
+6.590369565e+08,-1.033191147e+02
+6.612086957e+08,-1.036422577e+02
+6.633804348e+08,-1.034914017e+02
+6.655521739e+08,-1.040424042e+02
+6.677239130e+08,-1.050009613e+02
+6.698956522e+08,-1.046651306e+02
+6.720673913e+08,-1.040230713e+02
+6.742391304e+08,-1.052385788e+02
+6.764108696e+08,-1.045073776e+02
+6.785826087e+08,-1.052882156e+02
+6.807543478e+08,-1.053509216e+02
+6.829260870e+08,-1.031174469e+02
+6.850978261e+08,-1.053629227e+02
+6.872695652e+08,-1.045095367e+02
+6.894413043e+08,-1.046025848e+02
+6.916130435e+08,-1.037659073e+02
+6.937847826e+08,-1.042270050e+02
+6.959565217e+08,-1.045171280e+02
+6.981282609e+08,-1.040397644e+02
+7.003000000e+08,-1.054619751e+02
+7.024717391e+08,-1.044541931e+02
+7.046434783e+08,-1.053993073e+02
+7.068152174e+08,-1.044047546e+02
+7.089869565e+08,-1.047281647e+02
+7.111586957e+08,-1.047757568e+02
+7.133304348e+08,-1.044504547e+02
+7.155021739e+08,-1.047285919e+02
+7.176739130e+08,-1.048936005e+02
+7.198456522e+08,-1.035338974e+02
+7.220173913e+08,-1.045469589e+02
+7.241891304e+08,-1.052594986e+02
+7.263608696e+08,-1.046274033e+02
+7.285326087e+08,-1.043395767e+02
+7.307043478e+08,-1.045918884e+02
+7.328760870e+08,-1.049332962e+02
+7.350478261e+08,-1.043059235e+02
+7.372195652e+08,-1.047968903e+02
+7.393913043e+08,-1.047944260e+02
+7.415630435e+08,-1.039689484e+02
+7.437347826e+08,-1.046673126e+02
+7.459065217e+08,-1.052135620e+02
+7.480782609e+08,-1.043793564e+02
+7.502500000e+08,-1.034774780e+02
+7.524217391e+08,-1.051002197e+02
+7.545934783e+08,-1.048125000e+02
+7.567652174e+08,-1.045392380e+02
+7.589369565e+08,-1.041535416e+02
+7.611086957e+08,-1.046708755e+02
+7.632804348e+08,-1.032965088e+02
+7.654521739e+08,-1.036429825e+02
+7.676239130e+08,-1.030991821e+02
+7.697956522e+08,-1.041818771e+02
+7.719673913e+08,-1.033945160e+02
+7.741391304e+08,-1.048676605e+02
+7.763108696e+08,-1.043521729e+02
+7.784826087e+08,-1.047593002e+02
+7.806543478e+08,-1.047712097e+02
+7.828260870e+08,-1.033539429e+02
+7.849978261e+08,-1.046076508e+02
+7.871695652e+08,-1.045374146e+02
+7.893413043e+08,-1.044379883e+02
+7.915130435e+08,-1.030602188e+02
+7.936847826e+08,-1.038261185e+02
+7.958565217e+08,-1.046171417e+02
+7.980282609e+08,-1.033980637e+02
+8.002000000e+08,-1.044131775e+02
+8.023717391e+08,-1.045099792e+02
+8.045434783e+08,-1.044462585e+02
+8.067152174e+08,-1.039238434e+02
+8.088869565e+08,-1.032297897e+02
+8.110586957e+08,-1.026019821e+02
+8.132304348e+08,-1.040633621e+02
+8.154021739e+08,-1.032888794e+02
+8.175739130e+08,-1.038905945e+02
+8.197456522e+08,-1.032042847e+02
+8.219173913e+08,-1.042968750e+02
+8.240891304e+08,-1.039359970e+02
+8.262608696e+08,-1.040638123e+02
+8.284326087e+08,-1.035750351e+02
+8.306043478e+08,-1.036784821e+02
+8.327760870e+08,-1.034085083e+02
+8.349478261e+08,-1.021771240e+02
+8.371195652e+08,-1.030322495e+02
+8.392913043e+08,-1.045105286e+02
+8.414630435e+08,-1.028391190e+02
+8.436347826e+08,-1.036383286e+02
+8.458065217e+08,-1.029772873e+02
+8.479782609e+08,-1.036296616e+02
+8.501500000e+08,-1.030687256e+02
+8.523217391e+08,-1.040756912e+02
+8.544934783e+08,-1.041823807e+02
+8.566652174e+08,-1.042860870e+02
+8.588369565e+08,-1.031409225e+02
+8.610086957e+08,-1.038093338e+02
+8.631804348e+08,-1.040626068e+02
+8.653521739e+08,-1.017179108e+02
+8.675239130e+08,-1.043470993e+02
+8.696956522e+08,-1.033575211e+02
+8.718673913e+08,-9.660948181e+01
+8.740391304e+08,-9.962672424e+01
+8.762108696e+08,-1.032233047e+02
+8.783826087e+08,-1.036900101e+02
+8.805543478e+08,-1.026138611e+02
+8.827260870e+08,-1.036746368e+02
+8.848978261e+08,-1.029912872e+02
+8.870695652e+08,-1.033237839e+02
+8.892413043e+08,-1.041240997e+02
+8.914130435e+08,-1.028660583e+02
+8.935847826e+08,-1.030311661e+02
+8.957565217e+08,-1.036686859e+02
+8.979282609e+08,-1.032831268e+02
+9.001000000e+08,-1.023078613e+02
+9.022717391e+08,-1.032093277e+02
+9.044434783e+08,-1.029666977e+02
+9.066152174e+08,-1.031991119e+02
+9.087869565e+08,-1.023488312e+02
+9.109586957e+08,-1.024653244e+02
+9.131304348e+08,-1.032057037e+02
+9.153021739e+08,-1.027578888e+02
+9.174739130e+08,-1.035713425e+02
+9.196456522e+08,-1.035176239e+02
+9.218173913e+08,-1.029787750e+02
+9.239891304e+08,-1.031975403e+02
+9.261608696e+08,-9.123059845e+01
+9.283326087e+08,-8.811908722e+01
+9.305043478e+08,-1.020128937e+02
+9.326760870e+08,-9.198422241e+01
+9.348478261e+08,-8.488112640e+01
+9.370195652e+08,-8.377729797e+01
+9.391913043e+08,-8.509191132e+01
+9.413630435e+08,-1.002713470e+02
+9.435347826e+08,-8.555797577e+01
+9.457065217e+08,-7.174346924e+01
+9.478782609e+08,-9.014077759e+01
+9.500500000e+08,-9.103409576e+01
+9.522217391e+08,-9.746339417e+01
+9.543934783e+08,-1.012640839e+02
+9.565652174e+08,-1.009327927e+02
+9.587369565e+08,-1.010142670e+02
+9.609086957e+08,-1.031190491e+02
+9.630804348e+08,-1.027776337e+02
+9.652521739e+08,-1.028364639e+02
+9.674239130e+08,-1.029549866e+02
+9.695956522e+08,-1.031749420e+02
+9.717673913e+08,-1.034875488e+02
+9.739391304e+08,-1.022441101e+02
+9.761108696e+08,-1.024425278e+02
+9.782826087e+08,-1.024622421e+02
+9.804543478e+08,-1.030543823e+02
+9.826260870e+08,-1.014728241e+02
+9.847978261e+08,-1.031743851e+02
+9.869695652e+08,-1.036822357e+02
+9.891413043e+08,-1.035136032e+02
+9.913130435e+08,-1.017738876e+02
+9.934847826e+08,-1.027238541e+02
+9.956565217e+08,-1.027996674e+02
+9.978282609e+08,-1.028037415e+02
+1.000000000e+09,-1.035610809e+02

