+3.250000000e+08,-7.522782898e+01
+3.250086957e+08,-9.578812408e+01
+3.250173913e+08,-9.571737671e+01
+3.250260870e+08,-9.565956116e+01
+3.250347826e+08,-9.454585266e+01
+3.250434783e+08,-9.466179657e+01
+3.250521739e+08,-9.496305847e+01
+3.250608696e+08,-9.238271332e+01
+3.250695652e+08,-9.561972809e+01
+3.250782609e+08,-9.513688660e+01
+3.250869565e+08,-9.393378448e+01
+3.250956522e+08,-9.568863678e+01
+3.251043478e+08,-9.492003632e+01
+3.251130435e+08,-9.486312103e+01
+3.251217391e+08,-9.166718292e+01
+3.251304348e+08,-9.263860321e+01
+3.251391304e+08,-9.026653290e+01
+3.251478261e+08,-9.421544647e+01
+3.251565217e+08,-9.485790253e+01
+3.251652174e+08,-9.395641327e+01
+3.251739130e+08,-9.452156830e+01
+3.251826087e+08,-9.398415375e+01
+3.251913043e+08,-9.276117706e+01
+3.252000000e+08,-9.434523773e+01
+3.252086957e+08,-9.528684235e+01
+3.252173913e+08,-9.366201019e+01
+3.252260870e+08,-9.462737274e+01
+3.252347826e+08,-9.497328949e+01
+3.252434783e+08,-9.404203033e+01
+3.252521739e+08,-9.423778534e+01
+3.252608696e+08,-9.436358643e+01
+3.252695652e+08,-9.354932404e+01
+3.252782609e+08,-9.378425598e+01
+3.252869565e+08,-9.345194244e+01
+3.252956522e+08,-9.311914825e+01
+3.253043478e+08,-9.420040131e+01
+3.253130435e+08,-9.487352753e+01
+3.253217391e+08,-9.357733917e+01
+3.253304348e+08,-9.262312317e+01
+3.253391304e+08,-8.679809570e+01
+3.253478261e+08,-9.497188568e+01
+3.253565217e+08,-9.493357849e+01
+3.253652174e+08,-9.447158813e+01
+3.253739130e+08,-9.475457764e+01
+3.253826087e+08,-9.394351196e+01
+3.253913043e+08,-9.477643585e+01
+3.254000000e+08,-9.477187347e+01
+3.254086957e+08,-9.247229767e+01
+3.254173913e+08,-9.493115997e+01
+3.254260870e+08,-9.374099731e+01
+3.254347826e+08,-9.496611786e+01
+3.254434783e+08,-9.510732269e+01
+3.254521739e+08,-9.502133942e+01
+3.254608696e+08,-9.545249176e+01
+3.254695652e+08,-9.500807190e+01
+3.254782609e+08,-9.501599884e+01
+3.254869565e+08,-9.484268951e+01
+3.254956522e+08,-9.023220062e+01
+3.255043478e+08,-9.382087708e+01
+3.255130435e+08,-9.427178192e+01
+3.255217391e+08,-9.243725586e+01
+3.255304348e+08,-9.343714142e+01
+3.255391304e+08,-9.482109070e+01
+3.255478261e+08,-9.443688202e+01
+3.255565217e+08,-9.473505402e+01
+3.255652174e+08,-9.513205719e+01
+3.255739130e+08,-9.533940887e+01
+3.255826087e+08,-9.545400238e+01
+3.255913043e+08,-9.596041870e+01
+3.256000000e+08,-9.485977936e+01
+3.256086957e+08,-9.461573029e+01
+3.256173913e+08,-9.538828278e+01
+3.256260870e+08,-9.304409790e+01
+3.256347826e+08,-8.940637970e+01
+3.256434783e+08,-8.481056213e+01
+3.256521739e+08,-9.462426758e+01
+3.256608696e+08,-9.485138702e+01
+3.256695652e+08,-9.248223114e+01
+3.256782609e+08,-9.181441498e+01
+3.256869565e+08,-9.546620941e+01
+3.256956522e+08,-9.429413605e+01
+3.257043478e+08,-9.457093048e+01
+3.257130435e+08,-9.463535309e+01
+3.257217391e+08,-9.374851227e+01
+3.257304348e+08,-9.497227478e+01
+3.257391304e+08,-9.529129028e+01
+3.257478261e+08,-9.490834045e+01
+3.257565217e+08,-9.519314575e+01
+3.257652174e+08,-9.444200897e+01
+3.257739130e+08,-9.115433502e+01
+3.257826087e+08,-8.784814453e+01
+3.257913043e+08,-9.438253021e+01
+3.258000000e+08,-9.358528900e+01
+3.258086957e+08,-9.367564392e+01
+3.258173913e+08,-8.766429901e+01
+3.258260870e+08,-9.430037689e+01
+3.258347826e+08,-9.384539795e+01
+3.258434783e+08,-9.439337158e+01
+3.258521739e+08,-9.326548004e+01
+3.258608696e+08,-9.415348053e+01
+3.258695652e+08,-9.437003326e+01
+3.258782609e+08,-9.499536896e+01
+3.258869565e+08,-9.298368073e+01
+3.258956522e+08,-9.486351776e+01
+3.259043478e+08,-9.488263702e+01
+3.259130435e+08,-9.441841125e+01
+3.259217391e+08,-9.463489532e+01
+3.259304348e+08,-9.457900238e+01
+3.259391304e+08,-9.468157959e+01
+3.259478261e+08,-9.206980896e+01
+3.259565217e+08,-9.154637146e+01
+3.259652174e+08,-9.431507111e+01
+3.259739130e+08,-9.480281067e+01
+3.259826087e+08,-9.403215027e+01
+3.259913043e+08,-9.448931122e+01
+3.260000000e+08,-9.493081665e+01
+3.260086957e+08,-9.479269409e+01
+3.260173913e+08,-9.250932312e+01
+3.260260870e+08,-9.560922241e+01
+3.260347826e+08,-9.539192200e+01
+3.260434783e+08,-9.449180603e+01
+3.260521739e+08,-9.410501862e+01
+3.260608696e+08,-9.516366577e+01
+3.260695652e+08,-9.404355621e+01
+3.260782609e+08,-9.398178864e+01
+3.260869565e+08,-9.502128601e+01
+3.260956522e+08,-9.509168243e+01
+3.261043478e+08,-9.508780670e+01
+3.261130435e+08,-9.470337677e+01
+3.261217391e+08,-9.449285126e+01
+3.261304348e+08,-9.569101715e+01
+3.261391304e+08,-9.500339508e+01
+3.261478261e+08,-9.529657745e+01
+3.261565217e+08,-9.478858948e+01
+3.261652174e+08,-9.503467560e+01
+3.261739130e+08,-9.502110291e+01
+3.261826087e+08,-9.380718231e+01
+3.261913043e+08,-9.433353424e+01
+3.262000000e+08,-9.425519562e+01
+3.262086957e+08,-9.438798523e+01
+3.262173913e+08,-9.371251678e+01
+3.262260870e+08,-9.214580536e+01
+3.262347826e+08,-9.319345856e+01
+3.262434783e+08,-9.478568268e+01
+3.262521739e+08,-9.381838989e+01
+3.262608696e+08,-9.419202423e+01
+3.262695652e+08,-9.338411713e+01
+3.262782609e+08,-9.454521179e+01
+3.262869565e+08,-9.435298157e+01
+3.262956522e+08,-9.415626526e+01
+3.263043478e+08,-9.368478394e+01
+3.263130435e+08,-8.734358215e+01
+3.263217391e+08,-9.458631134e+01
+3.263304348e+08,-9.414447021e+01
+3.263391304e+08,-9.422808838e+01
+3.263478261e+08,-9.338429260e+01
+3.263565217e+08,-9.369968414e+01
+3.263652174e+08,-9.424028015e+01
+3.263739130e+08,-9.378958893e+01
+3.263826087e+08,-9.384254456e+01
+3.263913043e+08,-9.497165680e+01
+3.264000000e+08,-9.371836853e+01
+3.264086957e+08,-9.514534760e+01
+3.264173913e+08,-9.303771210e+01
+3.264260870e+08,-9.498850250e+01
+3.264347826e+08,-9.503826904e+01
+3.264434783e+08,-9.419396973e+01
+3.264521739e+08,-9.567079163e+01
+3.264608696e+08,-9.492224884e+01
+3.264695652e+08,-9.312778473e+01
+3.264782609e+08,-9.366733551e+01
+3.264869565e+08,-9.492006683e+01
+3.264956522e+08,-9.451646423e+01
+3.265043478e+08,-9.243202209e+01
+3.265130435e+08,-9.595815277e+01
+3.265217391e+08,-8.472414398e+01
+3.265304348e+08,-9.420395660e+01
+3.265391304e+08,-8.976986694e+01
+3.265478261e+08,-9.424008179e+01
+3.265565217e+08,-9.505906677e+01
+3.265652174e+08,-9.469808960e+01
+3.265739130e+08,-9.482383728e+01
+3.265826087e+08,-9.174221039e+01
+3.265913043e+08,-9.515773773e+01
+3.266000000e+08,-9.214595795e+01
+3.266086957e+08,-9.381749725e+01
+3.266173913e+08,-9.452677155e+01
+3.266260870e+08,-9.490030670e+01
+3.266347826e+08,-9.420786285e+01
+3.266434783e+08,-9.548211670e+01
+3.266521739e+08,-9.526749420e+01
+3.266608696e+08,-9.476645660e+01
+3.266695652e+08,-9.367150879e+01
+3.266782609e+08,-9.246546173e+01
+3.266869565e+08,-9.506857300e+01
+3.266956522e+08,-9.512148285e+01
+3.267043478e+08,-9.429249573e+01
+3.267130435e+08,-9.491943359e+01
+3.267217391e+08,-9.491725159e+01
+3.267304348e+08,-9.367350006e+01
+3.267391304e+08,-9.404157257e+01
+3.267478261e+08,-9.350849152e+01
+3.267565217e+08,-9.444045258e+01
+3.267652174e+08,-9.516223907e+01
+3.267739130e+08,-9.161882782e+01
+3.267826087e+08,-9.423522186e+01
+3.267913043e+08,-9.350643158e+01
+3.268000000e+08,-9.488636017e+01
+3.268086957e+08,-9.446550751e+01
+3.268173913e+08,-9.406468964e+01
+3.268260870e+08,-9.406462097e+01
+3.268347826e+08,-8.546292877e+01
+3.268434783e+08,-9.454969788e+01
+3.268521739e+08,-9.482875824e+01
+3.268608696e+08,-9.479130554e+01
+3.268695652e+08,-9.469255829e+01
+3.268782609e+08,-9.363839722e+01
+3.268869565e+08,-9.433133698e+01
+3.268956522e+08,-9.542192841e+01
+3.269043478e+08,-9.523207855e+01
+3.269130435e+08,-9.481828308e+01
+3.269217391e+08,-9.538886261e+01
+3.269304348e+08,-9.488779449e+01
+3.269391304e+08,-9.470343781e+01
+3.269478261e+08,-9.540013123e+01
+3.269565217e+08,-9.477467346e+01
+3.269652174e+08,-9.462566376e+01
+3.269739130e+08,-9.387165070e+01
+3.269826087e+08,-9.572639465e+01
+3.269913043e+08,-9.503887177e+01
+3.270000000e+08,-9.473667145e+01
+3.270086957e+08,-9.449541473e+01
+3.270173913e+08,-9.580925751e+01
+3.270260870e+08,-9.497869110e+01
+3.270347826e+08,-9.470314789e+01
+3.270434783e+08,-9.414374542e+01
+3.270521739e+08,-9.392815399e+01
+3.270608696e+08,-9.489357758e+01
+3.270695652e+08,-9.461895752e+01
+3.270782609e+08,-9.478038025e+01
+3.270869565e+08,-9.477769470e+01
+3.270956522e+08,-9.202014160e+01
+3.271043478e+08,-9.121063995e+01
+3.271130435e+08,-9.436252594e+01
+3.271217391e+08,-8.989894867e+01
+3.271304348e+08,-9.461264038e+01
+3.271391304e+08,-9.135797119e+01
+3.271478261e+08,-9.509349823e+01
+3.271565217e+08,-9.480004883e+01
+3.271652174e+08,-9.473928833e+01
+3.271739130e+08,-9.448638916e+01
+3.271826087e+08,-9.480661011e+01
+3.271913043e+08,-9.472315216e+01
+3.272000000e+08,-9.071208954e+01
+3.272086957e+08,-8.648273468e+01
+3.272173913e+08,-9.513262177e+01
+3.272260870e+08,-9.463777924e+01
+3.272347826e+08,-9.532077789e+01
+3.272434783e+08,-9.344701385e+01
+3.272521739e+08,-9.413692474e+01
+3.272608696e+08,-9.418726349e+01
+3.272695652e+08,-9.496595001e+01
+3.272782609e+08,-9.472707367e+01
+3.272869565e+08,-9.458901978e+01
+3.272956522e+08,-9.571721649e+01
+3.273043478e+08,-9.486932373e+01
+3.273130435e+08,-9.510233307e+01
+3.273217391e+08,-9.374273682e+01
+3.273304348e+08,-9.366773987e+01
+3.273391304e+08,-9.395649719e+01
+3.273478261e+08,-8.892518616e+01
+3.273565217e+08,-9.390277863e+01
+3.273652174e+08,-9.452011871e+01
+3.273739130e+08,-9.489485168e+01
+3.273826087e+08,-9.388621521e+01
+3.273913043e+08,-9.476789856e+01
+3.274000000e+08,-9.312673950e+01
+3.274086957e+08,-9.173751831e+01
+3.274173913e+08,-9.517250061e+01
+3.274260870e+08,-9.407938385e+01
+3.274347826e+08,-9.421379852e+01
+3.274434783e+08,-8.868218231e+01
+3.274521739e+08,-9.326827240e+01
+3.274608696e+08,-9.388348389e+01
+3.274695652e+08,-9.470768738e+01
+3.274782609e+08,-9.493073273e+01
+3.274869565e+08,-9.437275696e+01
+3.274956522e+08,-9.332878876e+01
+3.275043478e+08,-9.385473633e+01
+3.275130435e+08,-9.449974060e+01
+3.275217391e+08,-9.509002686e+01
+3.275304348e+08,-9.346109772e+01
+3.275391304e+08,-9.486430359e+01
+3.275478261e+08,-9.205320740e+01
+3.275565217e+08,-9.494440460e+01
+3.275652174e+08,-9.171009064e+01
+3.275739130e+08,-9.506314087e+01
+3.275826087e+08,-9.495458221e+01
+3.275913043e+08,-9.534426117e+01
+3.276000000e+08,-9.506253815e+01
+3.276086957e+08,-9.576924133e+01
+3.276173913e+08,-9.383662415e+01
+3.276260870e+08,-9.502668762e+01
+3.276347826e+08,-9.550579834e+01
+3.276434783e+08,-9.535934448e+01
+3.276521739e+08,-9.498431396e+01
+3.276608696e+08,-9.509333801e+01
+3.276695652e+08,-9.598346710e+01
+3.276782609e+08,-9.570909882e+01
+3.276869565e+08,-8.922240448e+01
+3.276956522e+08,-9.283388519e+01
+3.277043478e+08,-9.478360748e+01
+3.277130435e+08,-9.447156525e+01
+3.277217391e+08,-9.535524750e+01
+3.277304348e+08,-9.410416412e+01
+3.277391304e+08,-9.463021088e+01
+3.277478261e+08,-9.451184082e+01
+3.277565217e+08,-9.515869904e+01
+3.277652174e+08,-9.514315796e+01
+3.277739130e+08,-9.444700623e+01
+3.277826087e+08,-9.503638458e+01
+3.277913043e+08,-9.463960266e+01
+3.278000000e+08,-9.424151611e+01
+3.278086957e+08,-9.363078308e+01
+3.278173913e+08,-9.385111237e+01
+3.278260870e+08,-9.369416809e+01
+3.278347826e+08,-9.204197693e+01
+3.278434783e+08,-9.486937714e+01
+3.278521739e+08,-9.495432281e+01
+3.278608696e+08,-9.532969666e+01
+3.278695652e+08,-9.456218719e+01
+3.278782609e+08,-9.408192444e+01
+3.278869565e+08,-9.455374908e+01
+3.278956522e+08,-8.800839233e+01
+3.279043478e+08,-9.519416046e+01
+3.279130435e+08,-9.484468842e+01
+3.279217391e+08,-9.471666718e+01
+3.279304348e+08,-9.470520782e+01
+3.279391304e+08,-9.540058136e+01
+3.279478261e+08,-9.499250031e+01
+3.279565217e+08,-9.381964874e+01
+3.279652174e+08,-9.508451080e+01
+3.279739130e+08,-9.183080292e+01
+3.279826087e+08,-9.481947327e+01
+3.279913043e+08,-9.405604553e+01
+3.280000000e+08,-9.297354889e+01
+3.280086957e+08,-8.510190582e+01
+3.280173913e+08,-8.969503021e+01
+3.280260870e+08,-8.990525818e+01
+3.280347826e+08,-9.536373901e+01
+3.280434783e+08,-9.516275024e+01
+3.280521739e+08,-9.470793915e+01
+3.280608696e+08,-9.485347748e+01
+3.280695652e+08,-9.571570587e+01
+3.280782609e+08,-9.552019501e+01
+3.280869565e+08,-9.426136017e+01
+3.280956522e+08,-9.474779510e+01
+3.281043478e+08,-9.502071381e+01
+3.281130435e+08,-8.633563995e+01
+3.281217391e+08,-9.504120636e+01
+3.281304348e+08,-9.124958038e+01
+3.281391304e+08,-9.558658600e+01
+3.281478261e+08,-9.423914337e+01
+3.281565217e+08,-9.461638641e+01
+3.281652174e+08,-9.479511261e+01
+3.281739130e+08,-9.464639282e+01
+3.281826087e+08,-9.454914093e+01
+3.281913043e+08,-9.494188690e+01
+3.282000000e+08,-9.474172211e+01
+3.282086957e+08,-9.465071869e+01
+3.282173913e+08,-9.446622467e+01
+3.282260870e+08,-9.552750397e+01
+3.282347826e+08,-9.232595062e+01
+3.282434783e+08,-9.462065887e+01
+3.282521739e+08,-9.429218292e+01
+3.282608696e+08,-9.555522919e+01
+3.282695652e+08,-9.448919678e+01
+3.282782609e+08,-9.088990784e+01
+3.282869565e+08,-9.491731262e+01
+3.282956522e+08,-9.019517517e+01
+3.283043478e+08,-9.451222992e+01
+3.283130435e+08,-9.508203125e+01
+3.283217391e+08,-9.486641693e+01
+3.283304348e+08,-9.283103943e+01
+3.283391304e+08,-9.482448578e+01
+3.283478261e+08,-9.461681366e+01
+3.283565217e+08,-9.454695129e+01
+3.283652174e+08,-9.455556488e+01
+3.283739130e+08,-9.423691559e+01
+3.283826087e+08,-9.480609894e+01
+3.283913043e+08,-9.409132385e+01
+3.284000000e+08,-9.523167419e+01
+3.284086957e+08,-9.466457367e+01
+3.284173913e+08,-8.770279694e+01
+3.284260870e+08,-9.481918335e+01
+3.284347826e+08,-9.555609894e+01
+3.284434783e+08,-9.502352142e+01
+3.284521739e+08,-8.382864380e+01
+3.284608696e+08,-9.498455048e+01
+3.284695652e+08,-9.562031555e+01
+3.284782609e+08,-9.421869659e+01
+3.284869565e+08,-9.526768494e+01
+3.284956522e+08,-9.618968964e+01
+3.285043478e+08,-9.363874817e+01
+3.285130435e+08,-9.551715851e+01
+3.285217391e+08,-9.422088623e+01
+3.285304348e+08,-9.463230896e+01
+3.285391304e+08,-9.564653778e+01
+3.285478261e+08,-9.574990082e+01
+3.285565217e+08,-9.402207184e+01
+3.285652174e+08,-9.531378937e+01
+3.285739130e+08,-9.296699524e+01
+3.285826087e+08,-9.480231476e+01
+3.285913043e+08,-9.528833008e+01
+3.286000000e+08,-9.432982635e+01
+3.286086957e+08,-9.407762146e+01
+3.286173913e+08,-9.492817688e+01
+3.286260870e+08,-9.416227722e+01
+3.286347826e+08,-9.558026123e+01
+3.286434783e+08,-9.367146301e+01
+3.286521739e+08,-9.483218384e+01
+3.286608696e+08,-9.321226501e+01
+3.286695652e+08,-9.473158264e+01
+3.286782609e+08,-9.454468536e+01
+3.286869565e+08,-9.526271057e+01
+3.286956522e+08,-9.333715820e+01
+3.287043478e+08,-9.509476471e+01
+3.287130435e+08,-9.492438507e+01
+3.287217391e+08,-9.533347321e+01
+3.287304348e+08,-9.542684937e+01
+3.287391304e+08,-9.462682343e+01
+3.287478261e+08,-9.530728912e+01
+3.287565217e+08,-9.606793976e+01
+3.287652174e+08,-9.458158112e+01
+3.287739130e+08,-9.456479645e+01
+3.287826087e+08,-9.403308105e+01
+3.287913043e+08,-9.424916077e+01
+3.288000000e+08,-8.719855499e+01
+3.288086957e+08,-9.526128387e+01
+3.288173913e+08,-9.382190704e+01
+3.288260870e+08,-9.473163605e+01
+3.288347826e+08,-9.495963287e+01
+3.288434783e+08,-9.050960541e+01
+3.288521739e+08,-9.503534698e+01
+3.288608696e+08,-9.357469940e+01
+3.288695652e+08,-9.334363556e+01
+3.288782609e+08,-9.480846405e+01
+3.288869565e+08,-9.398384857e+01
+3.288956522e+08,-9.157532501e+01
+3.289043478e+08,-9.439029694e+01
+3.289130435e+08,-9.453171539e+01
+3.289217391e+08,-9.410738373e+01
+3.289304348e+08,-9.595566559e+01
+3.289391304e+08,-9.548053741e+01
+3.289478261e+08,-9.502986908e+01
+3.289565217e+08,-9.568034363e+01
+3.289652174e+08,-9.512072754e+01
+3.289739130e+08,-9.494487000e+01
+3.289826087e+08,-9.546910858e+01
+3.289913043e+08,-9.537597656e+01
+3.290000000e+08,-9.549306488e+01

