+1.000000000e+06,-7.868474579e+01
+3.171739130e+06,-8.121492767e+01
+5.343478261e+06,-7.433782959e+01
+7.515217391e+06,-7.111952972e+01
+9.686956522e+06,-7.147940826e+01
+1.185869565e+07,-7.704533386e+01
+1.403043478e+07,-7.754034424e+01
+1.620217391e+07,-7.826692200e+01
+1.837391304e+07,-7.161327362e+01
+2.054565217e+07,-6.432353210e+01
+2.271739130e+07,-7.702558136e+01
+2.488913043e+07,-8.000443268e+01
+2.706086957e+07,-8.068391418e+01
+2.923260870e+07,-8.180258942e+01
+3.140434783e+07,-8.266118622e+01
+3.357608696e+07,-8.137566376e+01
+3.574782609e+07,-7.946660614e+01
+3.791956522e+07,-8.094506073e+01
+4.009130435e+07,-8.003900909e+01
+4.226304348e+07,-8.001278687e+01
+4.443478261e+07,-8.018818665e+01
+4.660652174e+07,-8.457694244e+01
+4.877826087e+07,-8.935865021e+01
+5.095000000e+07,-8.517317200e+01
+5.312173913e+07,-8.216996002e+01
+5.529347826e+07,-8.114969635e+01
+5.746521739e+07,-8.594559479e+01
+5.963695652e+07,-8.171559906e+01
+6.180869565e+07,-8.479274750e+01
+6.398043478e+07,-8.492380524e+01
+6.615217391e+07,-8.994197845e+01
+6.832391304e+07,-9.333544159e+01
+7.049565217e+07,-9.117689514e+01
+7.266739130e+07,-8.814773560e+01
+7.483913043e+07,-9.349314880e+01
+7.701086957e+07,-9.129463196e+01
+7.918260870e+07,-8.916204071e+01
+8.135434783e+07,-8.646266937e+01
+8.352608696e+07,-8.480471039e+01
+8.569782609e+07,-8.794920349e+01
+8.786956522e+07,-8.696152496e+01
+9.004130435e+07,-9.207683563e+01
+9.221304348e+07,-6.339493179e+01
+9.438478261e+07,-6.986893463e+01
+9.655652174e+07,-7.664116669e+01
+9.872826087e+07,-8.137829590e+01
+1.009000000e+08,-9.647970581e+01
+1.030717391e+08,-9.328495789e+01
+1.052434783e+08,-9.900347137e+01
+1.074152174e+08,-9.353398895e+01
+1.095869565e+08,-9.212040710e+01
+1.117586957e+08,-8.994421387e+01
+1.139304348e+08,-9.662461090e+01
+1.161021739e+08,-9.569702911e+01
+1.182739130e+08,-9.496961975e+01
+1.204456522e+08,-9.380664825e+01
+1.226173913e+08,-9.160814667e+01
+1.247891304e+08,-9.855102539e+01
+1.269608696e+08,-1.040390778e+02
+1.291326087e+08,-1.013095932e+02
+1.313043478e+08,-1.039245529e+02
+1.334760870e+08,-8.813814545e+01
+1.356478261e+08,-1.026919250e+02
+1.378195652e+08,-9.636574554e+01
+1.399913043e+08,-9.322938538e+01
+1.421630435e+08,-9.378169250e+01
+1.443347826e+08,-8.962726593e+01
+1.465065217e+08,-1.011197510e+02
+1.486782609e+08,-9.592124176e+01
+1.508500000e+08,-1.018445129e+02
+1.530217391e+08,-7.990633392e+01
+1.551934783e+08,-1.019281998e+02
+1.573652174e+08,-1.039221191e+02
+1.595369565e+08,-1.038869705e+02
+1.617086957e+08,-9.833377838e+01
+1.638804348e+08,-1.031934357e+02
+1.660521739e+08,-1.035737915e+02
+1.682239130e+08,-8.345507813e+01
+1.703956522e+08,-1.041236877e+02
+1.725673913e+08,-1.045487061e+02
+1.747391304e+08,-1.048546219e+02
+1.769108696e+08,-1.045955353e+02
+1.790826087e+08,-1.042707443e+02
+1.812543478e+08,-1.039121399e+02
+1.834260870e+08,-1.044978256e+02
+1.855978261e+08,-1.007966003e+02
+1.877695652e+08,-1.029416122e+02
+1.899413043e+08,-9.880992889e+01
+1.921130435e+08,-1.005707169e+02
+1.942847826e+08,-1.031836395e+02
+1.964565217e+08,-1.038450394e+02
+1.986282609e+08,-1.036283569e+02
+2.008000000e+08,-9.226042938e+01
+2.029717391e+08,-1.034367447e+02
+2.051434783e+08,-1.037590179e+02
+2.073152174e+08,-1.025325241e+02
+2.094869565e+08,-1.046050415e+02
+2.116586957e+08,-1.039040451e+02
+2.138304348e+08,-1.034995880e+02
+2.160021739e+08,-1.002833862e+02
+2.181739130e+08,-1.039717102e+02
+2.203456522e+08,-1.039874268e+02
+2.225173913e+08,-1.038282471e+02
+2.246891304e+08,-1.030743942e+02
+2.268608696e+08,-1.027814789e+02
+2.290326087e+08,-1.034893875e+02
+2.312043478e+08,-1.032722855e+02
+2.333760870e+08,-9.655618286e+01
+2.355478261e+08,-1.037514648e+02
+2.377195652e+08,-1.033724518e+02
+2.398913043e+08,-9.563181305e+01
+2.420630435e+08,-1.010925140e+02
+2.442347826e+08,-9.800366211e+01
+2.464065217e+08,-1.036563034e+02
+2.485782609e+08,-1.019992676e+02
+2.507500000e+08,-9.326972198e+01
+2.529217391e+08,-1.026280823e+02
+2.550934783e+08,-1.007043228e+02
+2.572652174e+08,-1.032448959e+02
+2.594369565e+08,-1.005321884e+02
+2.616086957e+08,-1.012921753e+02
+2.637804348e+08,-1.019981842e+02
+2.659521739e+08,-9.568650818e+01
+2.681239130e+08,-9.860354614e+01
+2.702956522e+08,-9.650289917e+01
+2.724673913e+08,-1.042714615e+02
+2.746391304e+08,-1.033783798e+02
+2.768108696e+08,-9.996749115e+01
+2.789826087e+08,-1.042731400e+02
+2.811543478e+08,-1.031869507e+02
+2.833260870e+08,-1.005783310e+02
+2.854978261e+08,-1.044565811e+02
+2.876695652e+08,-1.023321304e+02
+2.898413043e+08,-1.041917419e+02
+2.920130435e+08,-1.034394455e+02
+2.941847826e+08,-1.036342087e+02
+2.963565217e+08,-1.034720306e+02
+2.985282609e+08,-1.028603516e+02
+3.007000000e+08,-9.934805298e+01
+3.028717391e+08,-1.006149902e+02
+3.050434783e+08,-1.032493896e+02
+3.072152174e+08,-1.030173111e+02
+3.093869565e+08,-1.031323547e+02
+3.115586957e+08,-1.011098785e+02
+3.137304348e+08,-1.022833176e+02
+3.159021739e+08,-1.033872528e+02
+3.180739130e+08,-1.033511581e+02
+3.202456522e+08,-1.023922729e+02
+3.224173913e+08,-1.042165680e+02
+3.245891304e+08,-1.034013596e+02
+3.267608696e+08,-1.037222061e+02
+3.289326087e+08,-9.987843323e+01
+3.311043478e+08,-1.022318649e+02
+3.332760870e+08,-1.020669479e+02
+3.354478261e+08,-9.912479401e+01
+3.376195652e+08,-1.035594254e+02
+3.397913043e+08,-1.034295959e+02
+3.419630435e+08,-1.029169998e+02
+3.441347826e+08,-1.029612122e+02
+3.463065217e+08,-1.026492767e+02
+3.484782609e+08,-1.037295685e+02
+3.506500000e+08,-1.031485596e+02
+3.528217391e+08,-1.024526291e+02
+3.549934783e+08,-1.030145569e+02
+3.571652174e+08,-1.028709717e+02
+3.593369565e+08,-9.856569672e+01
+3.615086957e+08,-1.034469986e+02
+3.636804348e+08,-1.024337540e+02
+3.658521739e+08,-8.136762238e+01
+3.680239130e+08,-1.022083588e+02
+3.701956522e+08,-1.035705032e+02
+3.723673913e+08,-9.584913635e+01
+3.745391304e+08,-1.018525391e+02
+3.767108696e+08,-9.858902740e+01
+3.788826087e+08,-1.009988251e+02
+3.810543478e+08,-9.928169250e+01
+3.832260870e+08,-9.508708191e+01
+3.853978261e+08,-1.003993835e+02
+3.875695652e+08,-1.015286560e+02
+3.897413043e+08,-1.016781921e+02
+3.919130435e+08,-1.023424911e+02
+3.940847826e+08,-1.011565933e+02
+3.962565217e+08,-1.024009476e+02
+3.984282609e+08,-1.012742386e+02
+4.006000000e+08,-1.031252670e+02
+4.027717391e+08,-1.031567612e+02
+4.049434783e+08,-9.964549255e+01
+4.071152174e+08,-9.598332977e+01
+4.092869565e+08,-1.029569016e+02
+4.114586957e+08,-1.036253967e+02
+4.136304348e+08,-1.029072495e+02
+4.158021739e+08,-1.033331909e+02
+4.179739130e+08,-1.035959930e+02
+4.201456522e+08,-1.041942902e+02
+4.223173913e+08,-1.034456406e+02
+4.244891304e+08,-1.037188950e+02
+4.266608696e+08,-1.029920197e+02
+4.288326087e+08,-1.038577576e+02
+4.310043478e+08,-9.643631744e+01
+4.331760870e+08,-1.022094345e+02
+4.353478261e+08,-1.026309357e+02
+4.375195652e+08,-1.038391647e+02
+4.396913043e+08,-1.035794907e+02
+4.418630435e+08,-8.947908783e+01
+4.440347826e+08,-1.046155701e+02
+4.462065217e+08,-1.032324142e+02
+4.483782609e+08,-1.044507370e+02
+4.505500000e+08,-1.034605865e+02
+4.527217391e+08,-1.036588364e+02
+4.548934783e+08,-1.037250290e+02
+4.570652174e+08,-1.026994934e+02
+4.592369565e+08,-1.046853638e+02
+4.614086957e+08,-1.034665833e+02
+4.635804348e+08,-9.313605499e+01
+4.657521739e+08,-9.287220001e+01
+4.679239130e+08,-1.037426224e+02
+4.700956522e+08,-1.026319580e+02
+4.722673913e+08,-1.037204971e+02
+4.744391304e+08,-1.043637009e+02
+4.766108696e+08,-1.044047775e+02
+4.787826087e+08,-9.919960022e+01
+4.809543478e+08,-1.025286789e+02
+4.831260870e+08,-1.039731369e+02
+4.852978261e+08,-1.040508499e+02
+4.874695652e+08,-1.048020706e+02
+4.896413043e+08,-1.043002396e+02
+4.918130435e+08,-1.043496780e+02
+4.939847826e+08,-1.042760010e+02
+4.961565217e+08,-1.045065613e+02
+4.983282609e+08,-1.033072281e+02
+5.005000000e+08,-1.022058792e+02
+5.026717391e+08,-1.045162811e+02
+5.048434783e+08,-1.041692352e+02
+5.070152174e+08,-1.048326645e+02
+5.091869565e+08,-1.044304276e+02
+5.113586957e+08,-1.038255692e+02
+5.135304348e+08,-1.031092453e+02
+5.157021739e+08,-1.047000732e+02
+5.178739130e+08,-1.034514465e+02
+5.200456522e+08,-1.029017334e+02
+5.222173913e+08,-1.043878098e+02
+5.243891304e+08,-1.032726974e+02
+5.265608696e+08,-1.050770493e+02
+5.287326087e+08,-1.027971802e+02
+5.309043478e+08,-1.043118210e+02
+5.330760870e+08,-1.046830673e+02
+5.352478261e+08,-1.043982544e+02
+5.374195652e+08,-1.047345505e+02
+5.395913043e+08,-1.054449234e+02
+5.417630435e+08,-1.053428192e+02
+5.439347826e+08,-1.038274765e+02
+5.461065217e+08,-1.049525909e+02
+5.482782609e+08,-1.050371094e+02
+5.504500000e+08,-9.294131470e+01
+5.526217391e+08,-9.382637024e+01
+5.547934783e+08,-9.543202209e+01
+5.569652174e+08,-9.498144531e+01
+5.591369565e+08,-1.048350220e+02
+5.613086957e+08,-1.039091492e+02
+5.634804348e+08,-1.044384384e+02
+5.656521739e+08,-1.056008224e+02
+5.678239130e+08,-1.053666611e+02
+5.699956522e+08,-1.046072083e+02
+5.721673913e+08,-1.045788651e+02
+5.743391304e+08,-1.049918900e+02
+5.765108696e+08,-1.050922089e+02
+5.786826087e+08,-1.052581329e+02
+5.808543478e+08,-1.045301743e+02
+5.830260870e+08,-1.036361923e+02
+5.851978261e+08,-1.046184006e+02
+5.873695652e+08,-1.048369446e+02
+5.895413043e+08,-1.040137787e+02
+5.917130435e+08,-1.047876511e+02
+5.938847826e+08,-1.052866058e+02
+5.960565217e+08,-1.049319611e+02
+5.982282609e+08,-9.714304352e+01
+6.004000000e+08,-9.590789032e+01
+6.025717391e+08,-9.902071381e+01
+6.047434783e+08,-9.676511383e+01
+6.069152174e+08,-1.051065979e+02
+6.090869565e+08,-1.039921341e+02
+6.112586957e+08,-1.050965805e+02
+6.134304348e+08,-9.744129181e+01
+6.156021739e+08,-9.890992737e+01
+6.177739130e+08,-9.880155182e+01
+6.199456522e+08,-1.005073624e+02
+6.221173913e+08,-1.033585663e+02
+6.242891304e+08,-1.013259048e+02
+6.264608696e+08,-1.043220978e+02
+6.286326087e+08,-1.049811783e+02
+6.308043478e+08,-1.050069809e+02
+6.329760870e+08,-1.047402954e+02
+6.351478261e+08,-1.036362534e+02
+6.373195652e+08,-1.050468979e+02
+6.394913043e+08,-1.051681290e+02
+6.416630435e+08,-1.046068726e+02
+6.438347826e+08,-1.052555466e+02
+6.460065217e+08,-1.043461151e+02
+6.481782609e+08,-1.045860367e+02
+6.503500000e+08,-1.051141434e+02
+6.525217391e+08,-1.050430832e+02
+6.546934783e+08,-1.044872818e+02
+6.568652174e+08,-1.054860992e+02
+6.590369565e+08,-1.052882614e+02
+6.612086957e+08,-1.051763687e+02
+6.633804348e+08,-1.044549789e+02
+6.655521739e+08,-1.041047974e+02
+6.677239130e+08,-1.048233414e+02
+6.698956522e+08,-1.050338058e+02
+6.720673913e+08,-1.048318787e+02
+6.742391304e+08,-1.036213989e+02
+6.764108696e+08,-1.049415588e+02
+6.785826087e+08,-1.047054138e+02
+6.807543478e+08,-1.043885651e+02
+6.829260870e+08,-1.053131409e+02
+6.850978261e+08,-1.047707443e+02
+6.872695652e+08,-1.034970932e+02
+6.894413043e+08,-1.025083694e+02
+6.916130435e+08,-1.025292206e+02
+6.937847826e+08,-1.042166977e+02
+6.959565217e+08,-1.048051224e+02
+6.981282609e+08,-1.044104385e+02
+7.003000000e+08,-1.019740677e+02
+7.024717391e+08,-1.055619278e+02
+7.046434783e+08,-1.041162796e+02
+7.068152174e+08,-1.054016037e+02
+7.089869565e+08,-1.046629791e+02
+7.111586957e+08,-1.047256546e+02
+7.133304348e+08,-1.048808975e+02
+7.155021739e+08,-1.048887024e+02
+7.176739130e+08,-1.047696915e+02
+7.198456522e+08,-1.044457016e+02
+7.220173913e+08,-1.038491440e+02
+7.241891304e+08,-1.050975723e+02
+7.263608696e+08,-1.045102768e+02
+7.285326087e+08,-1.047967682e+02
+7.307043478e+08,-1.052228241e+02
+7.328760870e+08,-1.041121826e+02
+7.350478261e+08,-1.043707275e+02
+7.372195652e+08,-1.047904510e+02
+7.393913043e+08,-1.045300598e+02
+7.415630435e+08,-1.047195435e+02
+7.437347826e+08,-1.042512665e+02
+7.459065217e+08,-1.048513870e+02
+7.480782609e+08,-1.048582916e+02
+7.502500000e+08,-1.041812820e+02
+7.524217391e+08,-1.042852554e+02
+7.545934783e+08,-1.051498795e+02
+7.567652174e+08,-1.043335342e+02
+7.589369565e+08,-1.037863998e+02
+7.611086957e+08,-1.044762802e+02
+7.632804348e+08,-1.044105301e+02
+7.654521739e+08,-1.046603165e+02
+7.676239130e+08,-1.036500702e+02
+7.697956522e+08,-1.036554337e+02
+7.719673913e+08,-1.044928970e+02
+7.741391304e+08,-1.039302826e+02
+7.763108696e+08,-1.050735245e+02
+7.784826087e+08,-1.047790604e+02
+7.806543478e+08,-1.021524506e+02
+7.828260870e+08,-1.048026428e+02
+7.849978261e+08,-1.035019913e+02
+7.871695652e+08,-1.047384644e+02
+7.893413043e+08,-1.037250214e+02
+7.915130435e+08,-1.032055435e+02
+7.936847826e+08,-1.042565308e+02
+7.958565217e+08,-1.045725021e+02
+7.980282609e+08,-1.041244278e+02
+8.002000000e+08,-1.053581848e+02
+8.023717391e+08,-1.040536880e+02
+8.045434783e+08,-1.041851196e+02
+8.067152174e+08,-1.024521713e+02
+8.088869565e+08,-1.046944199e+02
+8.110586957e+08,-1.046483078e+02
+8.132304348e+08,-1.030510025e+02
+8.154021739e+08,-1.043414001e+02
+8.175739130e+08,-1.031355896e+02
+8.197456522e+08,-1.045647659e+02
+8.219173913e+08,-1.044104843e+02
+8.240891304e+08,-1.036746826e+02
+8.262608696e+08,-1.040973053e+02
+8.284326087e+08,-1.040523987e+02
+8.306043478e+08,-1.030649872e+02
+8.327760870e+08,-1.031581268e+02
+8.349478261e+08,-1.037795563e+02
+8.371195652e+08,-1.035887070e+02
+8.392913043e+08,-1.038533936e+02
+8.414630435e+08,-1.032942429e+02
+8.436347826e+08,-1.045791550e+02
+8.458065217e+08,-1.028989258e+02
+8.479782609e+08,-1.038679428e+02
+8.501500000e+08,-1.040411682e+02
+8.523217391e+08,-1.036997681e+02
+8.544934783e+08,-1.030551300e+02
+8.566652174e+08,-1.029752121e+02
+8.588369565e+08,-1.039929504e+02
+8.610086957e+08,-1.041122818e+02
+8.631804348e+08,-1.042452393e+02
+8.653521739e+08,-1.039785919e+02
+8.675239130e+08,-1.021828842e+02
+8.696956522e+08,-1.024712753e+02
+8.718673913e+08,-9.335378265e+01
+8.740391304e+08,-9.610145569e+01
+8.762108696e+08,-1.037425766e+02
+8.783826087e+08,-1.031013947e+02
+8.805543478e+08,-1.036077347e+02
+8.827260870e+08,-1.028115692e+02
+8.848978261e+08,-1.038322525e+02
+8.870695652e+08,-1.033164902e+02
+8.892413043e+08,-1.038051147e+02
+8.914130435e+08,-1.036048279e+02
+8.935847826e+08,-1.040377731e+02
+8.957565217e+08,-1.027848816e+02
+8.979282609e+08,-1.038866119e+02
+9.001000000e+08,-1.029613495e+02
+9.022717391e+08,-1.031791763e+02
+9.044434783e+08,-1.034964371e+02
+9.066152174e+08,-1.035750504e+02
+9.087869565e+08,-1.033689499e+02
+9.109586957e+08,-1.029806442e+02
+9.131304348e+08,-1.035095825e+02
+9.153021739e+08,-1.039715195e+02
+9.174739130e+08,-1.031410217e+02
+9.196456522e+08,-1.040124512e+02
+9.218173913e+08,-1.035732346e+02
+9.239891304e+08,-1.026613388e+02
+9.261608696e+08,-8.650618744e+01
+9.283326087e+08,-8.802329254e+01
+9.305043478e+08,-1.006569290e+02
+9.326760870e+08,-8.905927277e+01
+9.348478261e+08,-7.715196228e+01
+9.370195652e+08,-7.764033508e+01
+9.391913043e+08,-8.890004730e+01
+9.413630435e+08,-9.422270966e+01
+9.435347826e+08,-7.830336761e+01
+9.457065217e+08,-6.900861359e+01
+9.478782609e+08,-8.434647369e+01
+9.500500000e+08,-9.231878662e+01
+9.522217391e+08,-9.653914642e+01
+9.543934783e+08,-9.638797760e+01
+9.565652174e+08,-9.955848694e+01
+9.587369565e+08,-9.960045624e+01
+9.609086957e+08,-1.033149872e+02
+9.630804348e+08,-1.028039093e+02
+9.652521739e+08,-1.032873459e+02
+9.674239130e+08,-1.029307785e+02
+9.695956522e+08,-1.042320938e+02
+9.717673913e+08,-1.026271057e+02
+9.739391304e+08,-1.023520126e+02
+9.761108696e+08,-1.033240738e+02
+9.782826087e+08,-1.042128677e+02
+9.804543478e+08,-1.033889008e+02
+9.826260870e+08,-1.034788055e+02
+9.847978261e+08,-1.035252838e+02
+9.869695652e+08,-1.033281784e+02
+9.891413043e+08,-1.024410400e+02
+9.913130435e+08,-1.021474838e+02
+9.934847826e+08,-1.035704422e+02
+9.956565217e+08,-1.029598236e+02
+9.978282609e+08,-1.033379059e+02
+1.000000000e+09,-1.022594452e+02

