+1.000000000e+06,-7.717148590e+01
+3.171739130e+06,-7.840173340e+01
+5.343478261e+06,-7.260138702e+01
+7.515217391e+06,-7.781990051e+01
+9.686956522e+06,-7.852336884e+01
+1.185869565e+07,-6.171060562e+01
+1.403043478e+07,-6.626476288e+01
+1.620217391e+07,-7.017897034e+01
+1.837391304e+07,-6.957990265e+01
+2.054565217e+07,-6.522185516e+01
+2.271739130e+07,-7.187276459e+01
+2.488913043e+07,-7.429415131e+01
+2.706086957e+07,-7.128974915e+01
+2.923260870e+07,-8.149729156e+01
+3.140434783e+07,-7.997760010e+01
+3.357608696e+07,-8.057153320e+01
+3.574782609e+07,-8.146797180e+01
+3.791956522e+07,-8.156660461e+01
+4.009130435e+07,-7.789759827e+01
+4.226304348e+07,-8.119633484e+01
+4.443478261e+07,-7.990999603e+01
+4.660652174e+07,-8.286900330e+01
+4.877826087e+07,-8.575028992e+01
+5.095000000e+07,-8.091735077e+01
+5.312173913e+07,-7.478498840e+01
+5.529347826e+07,-7.776131439e+01
+5.746521739e+07,-7.950496674e+01
+5.963695652e+07,-7.763665009e+01
+6.180869565e+07,-8.337380219e+01
+6.398043478e+07,-8.997815704e+01
+6.615217391e+07,-9.047655487e+01
+6.832391304e+07,-9.622447205e+01
+7.049565217e+07,-9.839815521e+01
+7.266739130e+07,-8.530881500e+01
+7.483913043e+07,-9.465433502e+01
+7.701086957e+07,-9.175849152e+01
+7.918260870e+07,-9.615133667e+01
+8.135434783e+07,-8.901221466e+01
+8.352608696e+07,-9.031407928e+01
+8.569782609e+07,-9.054861450e+01
+8.786956522e+07,-9.371071625e+01
+9.004130435e+07,-9.519655609e+01
+9.221304348e+07,-6.873040009e+01
+9.438478261e+07,-6.675452423e+01
+9.655652174e+07,-7.909268951e+01
+9.872826087e+07,-7.935664368e+01
+1.009000000e+08,-8.804526520e+01
+1.030717391e+08,-8.880965424e+01
+1.052434783e+08,-9.786194611e+01
+1.074152174e+08,-9.172380066e+01
+1.095869565e+08,-9.254347229e+01
+1.117586957e+08,-9.129031372e+01
+1.139304348e+08,-9.180966949e+01
+1.161021739e+08,-9.993586731e+01
+1.182739130e+08,-9.973226929e+01
+1.204456522e+08,-8.782497406e+01
+1.226173913e+08,-1.021461945e+02
+1.247891304e+08,-9.679108429e+01
+1.269608696e+08,-1.029312363e+02
+1.291326087e+08,-1.037286682e+02
+1.313043478e+08,-1.026780243e+02
+1.334760870e+08,-9.508045197e+01
+1.356478261e+08,-1.004955826e+02
+1.378195652e+08,-9.838401794e+01
+1.399913043e+08,-9.656555939e+01
+1.421630435e+08,-9.057332611e+01
+1.443347826e+08,-9.334337616e+01
+1.465065217e+08,-9.544207001e+01
+1.486782609e+08,-9.343689728e+01
+1.508500000e+08,-9.290045929e+01
+1.530217391e+08,-9.468106079e+01
+1.551934783e+08,-9.376737976e+01
+1.573652174e+08,-9.468287659e+01
+1.595369565e+08,-9.775015259e+01
+1.617086957e+08,-9.994451904e+01
+1.638804348e+08,-9.962703705e+01
+1.660521739e+08,-9.909320831e+01
+1.682239130e+08,-7.808646393e+01
+1.703956522e+08,-1.033764725e+02
+1.725673913e+08,-1.025683060e+02
+1.747391304e+08,-1.008482132e+02
+1.769108696e+08,-1.024034424e+02
+1.790826087e+08,-1.020899124e+02
+1.812543478e+08,-9.722367859e+01
+1.834260870e+08,-1.004786911e+02
+1.855978261e+08,-1.020648651e+02
+1.877695652e+08,-1.019542465e+02
+1.899413043e+08,-9.985415649e+01
+1.921130435e+08,-9.922058868e+01
+1.942847826e+08,-1.037094498e+02
+1.964565217e+08,-1.036785736e+02
+1.986282609e+08,-1.033646317e+02
+2.008000000e+08,-9.492157745e+01
+2.029717391e+08,-1.035939255e+02
+2.051434783e+08,-1.040936203e+02
+2.073152174e+08,-1.042151871e+02
+2.094869565e+08,-1.039307175e+02
+2.116586957e+08,-1.016587219e+02
+2.138304348e+08,-1.037757492e+02
+2.160021739e+08,-9.643566895e+01
+2.181739130e+08,-1.029505692e+02
+2.203456522e+08,-1.006177826e+02
+2.225173913e+08,-1.022844238e+02
+2.246891304e+08,-1.035124512e+02
+2.268608696e+08,-1.036996841e+02
+2.290326087e+08,-1.025477982e+02
+2.312043478e+08,-1.031334076e+02
+2.333760870e+08,-9.693502808e+01
+2.355478261e+08,-1.028110809e+02
+2.377195652e+08,-1.030994263e+02
+2.398913043e+08,-9.102575684e+01
+2.420630435e+08,-1.008719177e+02
+2.442347826e+08,-1.011914978e+02
+2.464065217e+08,-1.039643021e+02
+2.485782609e+08,-9.961789703e+01
+2.507500000e+08,-9.310106659e+01
+2.529217391e+08,-1.003624878e+02
+2.550934783e+08,-9.268958282e+01
+2.572652174e+08,-1.018043518e+02
+2.594369565e+08,-9.651396179e+01
+2.616086957e+08,-9.866452789e+01
+2.637804348e+08,-9.851364136e+01
+2.659521739e+08,-9.838495636e+01
+2.681239130e+08,-9.722431183e+01
+2.702956522e+08,-9.962042236e+01
+2.724673913e+08,-1.028846817e+02
+2.746391304e+08,-1.033191376e+02
+2.768108696e+08,-1.031189651e+02
+2.789826087e+08,-1.013925476e+02
+2.811543478e+08,-1.017881546e+02
+2.833260870e+08,-1.038943100e+02
+2.854978261e+08,-1.027017441e+02
+2.876695652e+08,-1.025028763e+02
+2.898413043e+08,-1.034183197e+02
+2.920130435e+08,-1.024866486e+02
+2.941847826e+08,-1.030533066e+02
+2.963565217e+08,-1.028126755e+02
+2.985282609e+08,-1.010775604e+02
+3.007000000e+08,-9.247648621e+01
+3.028717391e+08,-9.515571594e+01
+3.050434783e+08,-1.034307022e+02
+3.072152174e+08,-1.029293747e+02
+3.093869565e+08,-1.008869629e+02
+3.115586957e+08,-1.033421097e+02
+3.137304348e+08,-1.031134872e+02
+3.159021739e+08,-1.039238358e+02
+3.180739130e+08,-1.021365967e+02
+3.202456522e+08,-1.013889618e+02
+3.224173913e+08,-1.030767059e+02
+3.245891304e+08,-1.027968063e+02
+3.267608696e+08,-1.034451599e+02
+3.289326087e+08,-1.033168335e+02
+3.311043478e+08,-1.029631653e+02
+3.332760870e+08,-1.027559280e+02
+3.354478261e+08,-1.008850555e+02
+3.376195652e+08,-1.031974487e+02
+3.397913043e+08,-1.035279922e+02
+3.419630435e+08,-1.026086044e+02
+3.441347826e+08,-1.034562531e+02
+3.463065217e+08,-1.020496216e+02
+3.484782609e+08,-1.032604675e+02
+3.506500000e+08,-1.024236832e+02
+3.528217391e+08,-1.011592026e+02
+3.549934783e+08,-1.017317429e+02
+3.571652174e+08,-1.033448410e+02
+3.593369565e+08,-9.716881561e+01
+3.615086957e+08,-1.033915405e+02
+3.636804348e+08,-1.027580414e+02
+3.658521739e+08,-8.565096283e+01
+3.680239130e+08,-1.008475189e+02
+3.701956522e+08,-1.011452713e+02
+3.723673913e+08,-9.705030823e+01
+3.745391304e+08,-1.024017181e+02
+3.767108696e+08,-9.340253448e+01
+3.788826087e+08,-9.961653900e+01
+3.810543478e+08,-9.809890747e+01
+3.832260870e+08,-9.358160400e+01
+3.853978261e+08,-9.908689117e+01
+3.875695652e+08,-9.514598846e+01
+3.897413043e+08,-1.019331665e+02
+3.919130435e+08,-1.009882126e+02
+3.940847826e+08,-9.614895630e+01
+3.962565217e+08,-1.017028656e+02
+3.984282609e+08,-1.006676254e+02
+4.006000000e+08,-1.017808990e+02
+4.027717391e+08,-1.032243652e+02
+4.049434783e+08,-1.027482529e+02
+4.071152174e+08,-9.444355011e+01
+4.092869565e+08,-1.025537186e+02
+4.114586957e+08,-1.015529251e+02
+4.136304348e+08,-1.036666107e+02
+4.158021739e+08,-1.036183319e+02
+4.179739130e+08,-1.021806793e+02
+4.201456522e+08,-1.034166794e+02
+4.223173913e+08,-1.029054413e+02
+4.244891304e+08,-1.023598938e+02
+4.266608696e+08,-1.029529953e+02
+4.288326087e+08,-1.036779175e+02
+4.310043478e+08,-9.182711029e+01
+4.331760870e+08,-1.013964691e+02
+4.353478261e+08,-1.026517715e+02
+4.375195652e+08,-1.026338120e+02
+4.396913043e+08,-1.039493866e+02
+4.418630435e+08,-9.042252350e+01
+4.440347826e+08,-1.024303818e+02
+4.462065217e+08,-1.026823578e+02
+4.483782609e+08,-1.028681259e+02
+4.505500000e+08,-1.022771378e+02
+4.527217391e+08,-1.032832413e+02
+4.548934783e+08,-1.019138412e+02
+4.570652174e+08,-1.031408539e+02
+4.592369565e+08,-1.034709854e+02
+4.614086957e+08,-8.779825592e+01
+4.635804348e+08,-9.691815186e+01
+4.657521739e+08,-9.806826782e+01
+4.679239130e+08,-1.038612289e+02
+4.700956522e+08,-1.041138992e+02
+4.722673913e+08,-1.043770218e+02
+4.744391304e+08,-1.031311798e+02
+4.766108696e+08,-1.044249039e+02
+4.787826087e+08,-1.000325623e+02
+4.809543478e+08,-1.037795715e+02
+4.831260870e+08,-1.032081451e+02
+4.852978261e+08,-1.037833633e+02
+4.874695652e+08,-1.028759918e+02
+4.896413043e+08,-1.036411514e+02
+4.918130435e+08,-1.042135239e+02
+4.939847826e+08,-1.047619705e+02
+4.961565217e+08,-1.035723114e+02
+4.983282609e+08,-1.030272980e+02
+5.005000000e+08,-1.040012589e+02
+5.026717391e+08,-1.032380905e+02
+5.048434783e+08,-1.045631866e+02
+5.070152174e+08,-1.046628799e+02
+5.091869565e+08,-1.051065674e+02
+5.113586957e+08,-1.043177719e+02
+5.135304348e+08,-1.036336517e+02
+5.157021739e+08,-1.046575012e+02
+5.178739130e+08,-1.043860855e+02
+5.200456522e+08,-1.039736176e+02
+5.222173913e+08,-1.042050552e+02
+5.243891304e+08,-1.041431351e+02
+5.265608696e+08,-1.048252945e+02
+5.287326087e+08,-1.020501480e+02
+5.309043478e+08,-1.047691574e+02
+5.330760870e+08,-1.042179794e+02
+5.352478261e+08,-1.047465591e+02
+5.374195652e+08,-1.045888824e+02
+5.395913043e+08,-1.037458420e+02
+5.417630435e+08,-1.047013626e+02
+5.439347826e+08,-1.044746017e+02
+5.461065217e+08,-1.034936752e+02
+5.482782609e+08,-1.046625519e+02
+5.504500000e+08,-9.561195374e+01
+5.526217391e+08,-9.468360138e+01
+5.547934783e+08,-9.771154022e+01
+5.569652174e+08,-9.696963501e+01
+5.591369565e+08,-1.046178207e+02
+5.613086957e+08,-1.051465836e+02
+5.634804348e+08,-1.044713898e+02
+5.656521739e+08,-1.028956833e+02
+5.678239130e+08,-1.046173172e+02
+5.699956522e+08,-1.035367966e+02
+5.721673913e+08,-1.045124435e+02
+5.743391304e+08,-1.046395569e+02
+5.765108696e+08,-1.037045517e+02
+5.786826087e+08,-1.049855576e+02
+5.808543478e+08,-1.040121536e+02
+5.830260870e+08,-1.047502136e+02
+5.851978261e+08,-1.038216476e+02
+5.873695652e+08,-1.037206345e+02
+5.895413043e+08,-1.042190704e+02
+5.917130435e+08,-1.052803192e+02
+5.938847826e+08,-1.044536896e+02
+5.960565217e+08,-1.043262863e+02
+5.982282609e+08,-9.760438538e+01
+6.004000000e+08,-9.664814758e+01
+6.025717391e+08,-9.648029327e+01
+6.047434783e+08,-9.881563568e+01
+6.069152174e+08,-1.041085434e+02
+6.090869565e+08,-1.047500229e+02
+6.112586957e+08,-1.049405594e+02
+6.134304348e+08,-1.001898346e+02
+6.156021739e+08,-1.012115097e+02
+6.177739130e+08,-1.004615631e+02
+6.199456522e+08,-1.034050140e+02
+6.221173913e+08,-1.040114517e+02
+6.242891304e+08,-1.040797348e+02
+6.264608696e+08,-1.055896149e+02
+6.286326087e+08,-1.022513885e+02
+6.308043478e+08,-1.048315506e+02
+6.329760870e+08,-1.021708374e+02
+6.351478261e+08,-1.050522461e+02
+6.373195652e+08,-1.044252396e+02
+6.394913043e+08,-1.053612671e+02
+6.416630435e+08,-1.043287659e+02
+6.438347826e+08,-1.042134018e+02
+6.460065217e+08,-1.047314072e+02
+6.481782609e+08,-1.043374863e+02
+6.503500000e+08,-1.051394730e+02
+6.525217391e+08,-1.052807770e+02
+6.546934783e+08,-1.045422668e+02
+6.568652174e+08,-1.044057465e+02
+6.590369565e+08,-1.043927460e+02
+6.612086957e+08,-1.046602249e+02
+6.633804348e+08,-1.036452026e+02
+6.655521739e+08,-1.042015839e+02
+6.677239130e+08,-1.055051270e+02
+6.698956522e+08,-1.042268524e+02
+6.720673913e+08,-1.047659531e+02
+6.742391304e+08,-1.026118240e+02
+6.764108696e+08,-1.044962311e+02
+6.785826087e+08,-1.044188538e+02
+6.807543478e+08,-1.045650787e+02
+6.829260870e+08,-1.034486923e+02
+6.850978261e+08,-1.045371628e+02
+6.872695652e+08,-1.026008377e+02
+6.894413043e+08,-1.023212814e+02
+6.916130435e+08,-1.041912613e+02
+6.937847826e+08,-1.039049759e+02
+6.959565217e+08,-1.034685135e+02
+6.981282609e+08,-1.059842300e+02
+7.003000000e+08,-1.043004303e+02
+7.024717391e+08,-1.056371994e+02
+7.046434783e+08,-1.044366608e+02
+7.068152174e+08,-1.049294434e+02
+7.089869565e+08,-1.042533035e+02
+7.111586957e+08,-1.054641495e+02
+7.133304348e+08,-1.051015091e+02
+7.155021739e+08,-1.045184555e+02
+7.176739130e+08,-1.052513962e+02
+7.198456522e+08,-1.041062164e+02
+7.220173913e+08,-1.054793625e+02
+7.241891304e+08,-1.042828445e+02
+7.263608696e+08,-1.037768631e+02
+7.285326087e+08,-1.029816589e+02
+7.307043478e+08,-1.042697678e+02
+7.328760870e+08,-1.049306259e+02
+7.350478261e+08,-1.052231064e+02
+7.372195652e+08,-1.035948715e+02
+7.393913043e+08,-1.056224823e+02
+7.415630435e+08,-1.041638870e+02
+7.437347826e+08,-1.028999252e+02
+7.459065217e+08,-1.035840683e+02
+7.480782609e+08,-1.047964859e+02
+7.502500000e+08,-1.056149979e+02
+7.524217391e+08,-1.050213852e+02
+7.545934783e+08,-1.045506516e+02
+7.567652174e+08,-1.046435699e+02
+7.589369565e+08,-1.039824066e+02
+7.611086957e+08,-1.047075348e+02
+7.632804348e+08,-1.050708542e+02
+7.654521739e+08,-1.042788620e+02
+7.676239130e+08,-1.035876846e+02
+7.697956522e+08,-1.047007217e+02
+7.719673913e+08,-1.052420425e+02
+7.741391304e+08,-1.050200195e+02
+7.763108696e+08,-1.035519638e+02
+7.784826087e+08,-1.033269424e+02
+7.806543478e+08,-1.045805740e+02
+7.828260870e+08,-1.045930786e+02
+7.849978261e+08,-1.037178497e+02
+7.871695652e+08,-1.037025223e+02
+7.893413043e+08,-1.043035889e+02
+7.915130435e+08,-1.024218826e+02
+7.936847826e+08,-1.039976883e+02
+7.958565217e+08,-1.033590012e+02
+7.980282609e+08,-1.039374161e+02
+8.002000000e+08,-1.043870468e+02
+8.023717391e+08,-1.039551697e+02
+8.045434783e+08,-1.041803741e+02
+8.067152174e+08,-1.040599136e+02
+8.088869565e+08,-1.047441559e+02
+8.110586957e+08,-1.040622025e+02
+8.132304348e+08,-1.031905594e+02
+8.154021739e+08,-1.041817322e+02
+8.175739130e+08,-1.036013718e+02
+8.197456522e+08,-1.036726761e+02
+8.219173913e+08,-1.042970657e+02
+8.240891304e+08,-1.040251923e+02
+8.262608696e+08,-1.037938232e+02
+8.284326087e+08,-1.039779587e+02
+8.306043478e+08,-1.030514755e+02
+8.327760870e+08,-1.043158569e+02
+8.349478261e+08,-1.032934647e+02
+8.371195652e+08,-1.036692429e+02
+8.392913043e+08,-1.037310791e+02
+8.414630435e+08,-1.041529312e+02
+8.436347826e+08,-1.042603760e+02
+8.458065217e+08,-1.038538208e+02
+8.479782609e+08,-1.035797195e+02
+8.501500000e+08,-1.030011139e+02
+8.523217391e+08,-1.044174347e+02
+8.544934783e+08,-1.032574844e+02
+8.566652174e+08,-1.044902878e+02
+8.588369565e+08,-1.033806229e+02
+8.610086957e+08,-1.039189453e+02
+8.631804348e+08,-1.040482941e+02
+8.653521739e+08,-1.038676910e+02
+8.675239130e+08,-1.039078674e+02
+8.696956522e+08,-1.031254807e+02
+8.718673913e+08,-9.251670837e+01
+8.740391304e+08,-9.460248566e+01
+8.762108696e+08,-1.035139313e+02
+8.783826087e+08,-1.031048279e+02
+8.805543478e+08,-1.034602585e+02
+8.827260870e+08,-1.027556000e+02
+8.848978261e+08,-1.034201508e+02
+8.870695652e+08,-1.037957153e+02
+8.892413043e+08,-1.025926285e+02
+8.914130435e+08,-1.032914810e+02
+8.935847826e+08,-1.026567001e+02
+8.957565217e+08,-1.022240067e+02
+8.979282609e+08,-1.035716934e+02
+9.001000000e+08,-1.028929291e+02
+9.022717391e+08,-1.040920258e+02
+9.044434783e+08,-1.030969162e+02
+9.066152174e+08,-1.030439835e+02
+9.087869565e+08,-1.039252090e+02
+9.109586957e+08,-1.032917709e+02
+9.131304348e+08,-1.033692093e+02
+9.153021739e+08,-1.035922775e+02
+9.174739130e+08,-1.033941574e+02
+9.196456522e+08,-1.037044067e+02
+9.218173913e+08,-1.032513351e+02
+9.239891304e+08,-1.024915085e+02
+9.261608696e+08,-9.158045959e+01
+9.283326087e+08,-9.127607727e+01
+9.305043478e+08,-9.781599426e+01
+9.326760870e+08,-1.026020508e+02
+9.348478261e+08,-7.766740417e+01
+9.370195652e+08,-7.621161652e+01
+9.391913043e+08,-9.333016205e+01
+9.413630435e+08,-9.418174744e+01
+9.435347826e+08,-7.513696289e+01
+9.457065217e+08,-7.222982025e+01
+9.478782609e+08,-8.271282196e+01
+9.500500000e+08,-9.435252380e+01
+9.522217391e+08,-9.211022949e+01
+9.543934783e+08,-1.022247238e+02
+9.565652174e+08,-1.006387711e+02
+9.587369565e+08,-1.009836273e+02
+9.609086957e+08,-1.040150833e+02
+9.630804348e+08,-1.026812973e+02
+9.652521739e+08,-1.031998291e+02
+9.674239130e+08,-1.024477158e+02
+9.695956522e+08,-1.036764984e+02
+9.717673913e+08,-1.013776550e+02
+9.739391304e+08,-1.039363480e+02
+9.761108696e+08,-1.032711945e+02
+9.782826087e+08,-1.035757065e+02
+9.804543478e+08,-1.025565567e+02
+9.826260870e+08,-1.030859833e+02
+9.847978261e+08,-1.033209457e+02
+9.869695652e+08,-1.034776154e+02
+9.891413043e+08,-1.033782501e+02
+9.913130435e+08,-1.033575058e+02
+9.934847826e+08,-1.031504822e+02
+9.956565217e+08,-1.029790573e+02
+9.978282609e+08,-1.031675949e+02
+1.000000000e+09,-1.032981644e+02

